0.00000000099999999881 0.00000000099999999881 0.00000000099999999881 0.00000000099999999881 0.99999998999999994975 0.00000000099999999881 0.00000000099999999881 0.00000000099999999881 0.00000000099999999881 0.00000000099999999881 0.00000000099999999881 
0.00000000099999999892 0.00000000099999999892 0.00000000099999999892 0.00000000099999999892 0.99999999000000006077 0.00000000099999999892 0.00000000099999999892 0.00000000099999999892 0.00000000099999999892 0.00000000099999999892 0.00000000099999999892 
0.00000000099999999884 0.00000000099999999884 0.00000000099999999884 0.00000000099999999884 0.99999998999999994975 0.00000000099999999884 0.00000000099999999884 0.00000000099999999884 0.00000000099999999884 0.00000000099999999884 0.00000000099999999884 
0.00000000099999999899 0.00000000099999999899 0.00000000099999999899 0.00000000099999999899 0.00000000099999999899 0.00000000099999999899 0.99999998999999994975 0.00000000099999999899 0.00000000099999999899 0.00000000099999999899 0.00000000099999999899 
0.00000000099999999880 0.00000000099999999880 0.00000000099999999880 0.00000000099999999880 0.00000000099999999880 0.00000000099999999880 0.99999998999999983873 0.00000000099999999880 0.00000000099999999880 0.00000000099999999880 0.00000000099999999880 
0.00000000099999999897 0.00000000099999999897 0.00000000099999999897 0.00000000099999999897 0.00000000099999999897 0.00000000099999999897 0.99999998999999994975 0.00000000099999999897 0.00000000099999999897 0.00000000099999999897 0.00000000099999999897 
0.00000000099999999881 0.00000000099999999881 0.00000000099999999881 0.00000000099999999881 0.99999998999999994975 0.00000000099999999881 0.00000000099999999881 0.00000000099999999881 0.00000000099999999881 0.00000000099999999881 0.00000000099999999881 
0.00000000099999999890 0.00000000099999999890 0.00000000099999999890 0.00000000099999999890 0.99999999000000006077 0.00000000099999999890 0.00000000099999999890 0.00000000099999999890 0.00000000099999999890 0.00000000099999999890 0.00000000099999999890 
0.00000000099999999894 0.00000000099999999894 0.00000000099999999894 0.00000000099999999894 0.99999998999999994975 0.00000000099999999894 0.00000000099999999894 0.00000000099999999894 0.00000000099999999894 0.00000000099999999894 0.00000000099999999894 
0.00000000099999999887 0.00000000099999999887 0.00000000099999999887 0.00000000099999999887 0.99999999000000006077 0.00000000099999999887 0.00000000099999999887 0.00000000099999999887 0.00000000099999999887 0.00000000099999999887 0.00000000099999999887 
0.00000000099999999887 0.00000000099999999887 0.00000000099999999887 0.00000000099999999887 0.99999998999999994975 0.00000000099999999887 0.00000000099999999887 0.00000000099999999887 0.00000000099999999887 0.00000000099999999887 0.00000000099999999887 
0.00000000099999999893 0.00000000099999999893 0.00000000099999999893 0.00000000099999999893 0.99999999000000006077 0.00000000099999999893 0.00000000099999999893 0.00000000099999999893 0.00000000099999999893 0.00000000099999999893 0.00000000099999999893 
0.00000000099999999898 0.00000000099999999898 0.00000000099999999898 0.00000000099999999898 0.00000000099999999898 0.00000000099999999898 0.99999998999999994975 0.00000000099999999898 0.00000000099999999898 0.00000000099999999898 0.00000000099999999898 
0.00000000099999999876 0.00000000099999999876 0.00000000099999999876 0.00000000099999999876 0.00000000099999999876 0.00000000099999999876 0.99999998999999994975 0.00000000099999999876 0.00000000099999999876 0.00000000099999999876 0.00000000099999999876 
0.00000000099999999891 0.00000000099999999891 0.00000000099999999891 0.00000000099999999891 0.00000000099999999891 0.00000000099999999891 0.99999998999999994975 0.00000000099999999891 0.00000000099999999891 0.00000000099999999891 0.00000000099999999891 
0.00000000099999999894 0.00000000099999999894 0.00000000099999999894 0.00000000099999999894 0.00000000099999999894 0.00000000099999999894 0.99999998999999994975 0.00000000099999999894 0.00000000099999999894 0.00000000099999999894 0.00000000099999999894 
0.00000000099999999890 0.00000000099999999890 0.00000000099999999890 0.00000000099999999890 0.00000000099999999890 0.00000000099999999890 0.99999998999999983873 0.00000000099999999890 0.00000000099999999890 0.00000000099999999890 0.00000000099999999890 
0.00000000099999999889 0.00000000099999999889 0.00000000099999999889 0.00000000099999999889 0.00000000099999999889 0.00000000099999999889 0.99999998999999994975 0.00000000099999999889 0.00000000099999999889 0.00000000099999999889 0.00000000099999999889 
0.00000000099999999893 0.00000000099999999893 0.00000000099999999893 0.99999999000000006077 0.00000000099999999893 0.00000000099999999893 0.00000000099999999893 0.00000000099999999893 0.00000000099999999893 0.00000000099999999893 0.00000000099999999893 
0.00000000099999999942 0.00000000099999999942 0.00000000099999999942 0.00000000099999999942 0.99999999000000006077 0.00000000099999999942 0.00000000099999999942 0.00000000099999999942 0.00000000099999999942 0.00000000099999999942 0.00000000099999999942 
0.00000000099999999889 0.00000000099999999889 0.00000000099999999889 0.99999999000000006077 0.00000000099999999889 0.00000000099999999889 0.00000000099999999889 0.00000000099999999889 0.00000000099999999889 0.00000000099999999889 0.00000000099999999889 
0.00000000099999999939 0.00000000099999999939 0.00000000099999999939 0.00000000099999999939 0.99999999000000006077 0.00000000099999999939 0.00000000099999999939 0.00000000099999999939 0.00000000099999999939 0.00000000099999999939 0.00000000099999999939 
0.00000000099999999883 0.00000000099999999883 0.00000000099999999883 0.99999999000000006077 0.00000000099999999883 0.00000000099999999883 0.00000000099999999883 0.00000000099999999883 0.00000000099999999883 0.00000000099999999883 0.00000000099999999883 
0.00000000099999999923 0.00000000099999999923 0.00000000099999999923 0.99999999000000017180 0.00000000099999999923 0.00000000099999999923 0.00000000099999999923 0.00000000099999999923 0.00000000099999999923 0.00000000099999999923 0.00000000099999999923 
0.00000000099999999882 0.00000000099999999882 0.00000000099999999882 0.99999998999999994975 0.00000000099999999882 0.00000000099999999882 0.00000000099999999882 0.00000000099999999882 0.00000000099999999882 0.00000000099999999882 0.00000000099999999882 
0.00000000099999999940 0.00000000099999999940 0.00000000099999999940 0.00000000099999999940 0.99999998221249308816 0.00000000099999999940 0.00000000878750709896 0.00000000099999999940 0.00000000099999999940 0.00000000099999999940 0.00000000099999999940 
0.00000000099999999880 0.00000000099999999880 0.00000000099999999880 0.99999998999999994975 0.00000000099999999880 0.00000000099999999880 0.00000000099999999880 0.00000000099999999880 0.00000000099999999880 0.00000000099999999880 0.00000000099999999880 
0.00000000099999999898 0.00000000099999999898 0.00000000099999999898 0.99999998999999994975 0.00000000099999999898 0.00000000099999999898 0.00000000099999999898 0.00000000099999999898 0.00000000099999999898 0.00000000099999999898 0.00000000099999999898 
0.00000000099999999882 0.00000000099999999882 0.00000000099999999882 0.99999998999999994975 0.00000000099999999882 0.00000000099999999882 0.00000000099999999882 0.00000000099999999882 0.00000000099999999882 0.00000000099999999882 0.00000000099999999882 
0.00000000099999999885 0.00000000099999999885 0.00000000099999999885 0.99999999000000006077 0.00000000099999999885 0.00000000099999999885 0.00000000099999999885 0.00000000099999999885 0.00000000099999999885 0.00000000099999999885 0.00000000099999999885 
0.00000000099999999923 0.00000000099999999923 0.00000000099999999923 0.99999999000000017180 0.00000000099999999923 0.00000000099999999923 0.00000000099999999923 0.00000000099999999923 0.00000000099999999923 0.00000000099999999923 0.00000000099999999923 
0.00000000099999999901 0.00000000099999999901 0.00000000099999999901 0.99999999000000017180 0.00000000099999999901 0.00000000099999999901 0.00000000099999999901 0.00000000099999999901 0.00000000099999999901 0.00000000099999999901 0.00000000099999999901 
0.00000000099999999907 0.00000000099999999907 0.00000000099999999907 0.99999999000000017180 0.00000000099999999907 0.00000000099999999907 0.00000000099999999907 0.00000000099999999907 0.00000000099999999907 0.00000000099999999907 0.00000000099999999907 
0.00000000099999999938 0.00000000099999999938 0.00000000099999999938 0.00000000099999999938 0.99995588984628724916 0.00000000099999999938 0.00004410115371294931 0.00000000099999999938 0.00000000099999999938 0.00000000099999999938 0.00000000099999999938 
0.00000000099999999927 0.00000000099999999927 0.00000000099999999927 0.99999999000000017180 0.00000000099999999927 0.00000000099999999927 0.00000000099999999927 0.00000000099999999927 0.00000000099999999927 0.00000000099999999927 0.00000000099999999927 
0.00000000099999999905 0.00000000099999999905 0.00000000099999999905 0.99999999000000006077 0.00000000099999999905 0.00000000099999999905 0.00000000099999999905 0.00000000099999999905 0.00000000099999999905 0.00000000099999999905 0.00000000099999999905 
0.00000000099999999895 0.00000000099999999895 0.00000000099999999895 0.99999998999999994975 0.00000000099999999895 0.00000000099999999895 0.00000000099999999895 0.00000000099999999895 0.00000000099999999895 0.00000000099999999895 0.00000000099999999895 
0.00000000099999999892 0.00000000099999999892 0.00000000099999999892 0.99999999000000006077 0.00000000099999999892 0.00000000099999999892 0.00000000099999999892 0.00000000099999999892 0.00000000099999999892 0.00000000099999999892 0.00000000099999999892 
0.00000000099999999898 0.99999999000000017180 0.00000000099999999898 0.00000000099999999898 0.00000000099999999898 0.00000000099999999898 0.00000000099999999898 0.00000000099999999898 0.00000000099999999898 0.00000000099999999898 0.00000000099999999898 
0.00000000099999999906 0.99999999000000028282 0.00000000099999999906 0.00000000099999999906 0.00000000099999999906 0.00000000099999999906 0.00000000099999999906 0.00000000099999999906 0.00000000099999999906 0.00000000099999999906 0.00000000099999999906 
0.00000000099999999975 0.66486592585328652127 0.00000000099999999975 0.00000000099999999975 0.00000000099999999975 0.00000000099999999975 0.00000000099999999975 0.32748142731293500285 0.00000000099999999975 0.00000000099999999975 0.00765263883377872989 
0.00000000099999999927 0.99999999000000017180 0.00000000099999999927 0.00000000099999999927 0.00000000099999999927 0.00000000099999999927 0.00000000099999999927 0.00000000099999999927 0.00000000099999999927 0.00000000099999999927 0.00000000099999999927 
0.00000000099999999894 0.99999999000000017180 0.00000000099999999894 0.00000000099999999894 0.00000000099999999894 0.00000000099999999894 0.00000000099999999894 0.00000000099999999894 0.00000000099999999894 0.00000000099999999894 0.00000000099999999894 
0.00000000099999999909 0.99999999000000017180 0.00000000099999999909 0.00000000099999999909 0.00000000099999999909 0.00000000099999999909 0.00000000099999999909 0.00000000099999999909 0.00000000099999999909 0.00000000099999999909 0.00000000099999999909 
0.00000000099999999910 0.99999999000000028282 0.00000000099999999910 0.00000000099999999910 0.00000000099999999910 0.00000000099999999910 0.00000000099999999910 0.00000000099999999910 0.00000000099999999910 0.00000000099999999910 0.00000000099999999910 
0.00000000099999999902 0.99999999000000017180 0.00000000099999999902 0.00000000099999999902 0.00000000099999999902 0.00000000099999999902 0.00000000099999999902 0.00000000099999999902 0.00000000099999999902 0.00000000099999999902 0.00000000099999999902 
0.00000000099999999905 0.99999999000000017180 0.00000000099999999905 0.00000000099999999905 0.00000000099999999905 0.00000000099999999905 0.00000000099999999905 0.00000000099999999905 0.00000000099999999905 0.00000000099999999905 0.00000000099999999905 
0.00000000099999999986 0.65775184293639210598 0.00000000099999999986 0.00000000099999999986 0.00000000099999999986 0.00622793428957808121 0.00000000099999999986 0.33113283555103006917 0.00000000099999999986 0.00000000099999999986 0.00488738022299978724 
0.00000000099999999907 0.99999999000000017180 0.00000000099999999907 0.00000000099999999907 0.00000000099999999907 0.00000000099999999907 0.00000000099999999907 0.00000000099999999907 0.00000000099999999907 0.00000000099999999907 0.00000000099999999907 
0.00000000099999999910 0.99999999000000017180 0.00000000099999999910 0.00000000099999999910 0.00000000099999999910 0.00000000099999999910 0.00000000099999999910 0.00000000099999999910 0.00000000099999999910 0.00000000099999999910 0.00000000099999999910 
0.00000000099999999923 0.99999999000000028282 0.00000000099999999923 0.00000000099999999923 0.00000000099999999923 0.00000000099999999923 0.00000000099999999923 0.00000000099999999923 0.00000000099999999923 0.00000000099999999923 0.00000000099999999923 
0.00000000099999999922 0.99999999000000028282 0.00000000099999999922 0.00000000099999999922 0.00000000099999999922 0.00000000099999999922 0.00000000099999999922 0.00000000099999999922 0.00000000099999999922 0.00000000099999999922 0.00000000099999999922 
0.00000000099999999925 0.99999999000000017180 0.00000000099999999925 0.00000000099999999925 0.00000000099999999925 0.00000000099999999925 0.00000000099999999925 0.00000000099999999925 0.00000000099999999925 0.00000000099999999925 0.00000000099999999925 
0.00000000099999999908 0.99999999000000017180 0.00000000099999999908 0.00000000099999999908 0.00000000099999999908 0.00000000099999999908 0.00000000099999999908 0.00000000099999999908 0.00000000099999999908 0.00000000099999999908 0.00000000099999999908 
0.00000000099999999914 0.99999999000000028282 0.00000000099999999914 0.00000000099999999914 0.00000000099999999914 0.00000000099999999914 0.00000000099999999914 0.00000000099999999914 0.00000000099999999914 0.00000000099999999914 0.00000000099999999914 
0.00000000099999999933 0.99999999000000028282 0.00000000099999999933 0.00000000099999999933 0.00000000099999999933 0.00000000099999999933 0.00000000099999999933 0.00000000099999999933 0.00000000099999999933 0.00000000099999999933 0.00000000099999999933 
0.00000000099999999934 0.99999999000000028282 0.00000000099999999934 0.00000000099999999934 0.00000000099999999934 0.00000000099999999934 0.00000000099999999934 0.00000000099999999934 0.00000000099999999934 0.00000000099999999934 0.00000000099999999934 
0.00000000099999999995 0.21714751662443460001 0.13728297636801367609 0.00000000099999999995 0.00000000099999999995 0.04767283658444703559 0.04877504726870545565 0.52966256785002929774 0.01033813341785745112 0.00000000099999999995 0.00912091788651231763 
0.00000000099999999979 0.08814805646329595956 0.00000000099999999979 0.00000000099999999979 0.00000000099999999979 0.00000000099999999979 0.00000000099999999979 0.91185193453670398966 0.00000000099999999979 0.00000000099999999979 0.00000000099999999979 
0.00000000099999999988 0.13265813428909595251 0.04654198618063876830 0.00000000099999999988 0.00000000099999999988 0.01741013412666997037 0.00000000099999999988 0.77097126921009695444 0.02736511506422953724 0.00505335612926879202 0.00000000099999999988 
0.00000000099999999982 0.04820589637904722224 0.00000000099999999982 0.00000000099999999982 0.00000000099999999982 0.00000000099999999982 0.00000000099999999982 0.95179409462095276862 0.00000000099999999982 0.00000000099999999982 0.00000000099999999982 
0.00000000099999999992 0.17800905326727486933 0.04945342481456571626 0.00000000099999999992 0.00000000099999999992 0.03214066395756993294 0.00000000099999999992 0.71436733236378346934 0.00000000099999999992 0.00000000099999999992 0.02602951959680607427 
0.00000000099999999966 0.10318078164017988052 0.00000000099999999966 0.00000000099999999966 0.00000000099999999966 0.00000000099999999966 0.00000000099999999966 0.89681920935982006871 0.00000000099999999966 0.00000000099999999966 0.00000000099999999966 
0.01790860269055104259 0.14591256649782538557 0.04176224405750690594 0.00000000099999999996 0.00000000099999999996 0.00000000099999999996 0.00000000099999999996 0.73898440320104230583 0.01318028846770782220 0.00000000099999999996 0.04225189008536656826 
0.03126814941508846563 0.18347509572659115307 0.08228094131808399991 0.00000000099999999998 0.00000000099999999998 0.02749880372383567417 0.00457140214070440604 0.59405481345701571794 0.00000000099999999998 0.07685079021868049254 0.00000000099999999998 
0.00000000099999999990 0.12978146051554637075 0.00000000099999999990 0.00000000099999999990 0.00000000099999999990 0.05372966125885453303 0.00000000099999999990 0.76216144942930508233 0.00000000099999999990 0.02952351980720889502 0.02480390298908525734 
0.00000000099999999938 0.00000000099999999938 0.00000000099999999938 0.00000000099999999938 0.00000000099999999938 0.00000000099999999938 0.00000000099999999938 0.99999999000000006077 0.00000000099999999938 0.00000000099999999938 0.00000000099999999938 
0.00000000099999999987 0.10554733217552828006 0.00000000099999999987 0.00000000099999999987 0.00000000099999999987 0.00000000099999999987 0.00000000099999999987 0.85280442126312328011 0.00000000099999999987 0.04164823856134852037 0.00000000099999999987 
0.00000000099999999983 0.18461160091651546145 0.02346232897657663310 0.00000000099999999983 0.00000000099999999983 0.00804316145614334191 0.00000000099999999983 0.78388290165076457416 0.00000000099999999983 0.00000000099999999983 0.00000000099999999983 
0.00000000099999999948 0.00000000099999999948 0.00000000099999999948 0.00000000099999999948 0.00000000099999999948 0.00000000099999999948 0.00000000099999999948 0.99999999000000006077 0.00000000099999999948 0.00000000099999999948 0.00000000099999999948 
0.00000000099999999984 0.06919867229868681413 0.00000000099999999984 0.00000000099999999984 0.00000000099999999984 0.03889825246816752680 0.00000000099999999984 0.84896354599384238337 0.00000000099999999984 0.00000000099999999984 0.04293952223930336959 
0.00000000099999999943 0.00000000099999999943 0.00000000099999999943 0.00000000099999999943 0.00000000099999999943 0.00000000099999999943 0.00000000099999999943 0.99999998999999994975 0.00000000099999999943 0.00000000099999999943 0.00000000099999999943 
0.00000000099999999947 0.00000000099999999947 0.00000000099999999947 0.00000000099999999947 0.00000000099999999947 0.00000000099999999947 0.00000000099999999947 0.99999999000000006077 0.00000000099999999947 0.00000000099999999947 0.00000000099999999947 
0.00000000099999999951 0.00000000099999999951 0.00000000099999999951 0.00000000099999999951 0.00000000099999999951 0.00000000099999999951 0.00000000099999999951 0.99999998999999994975 0.00000000099999999951 0.00000000099999999951 0.00000000099999999951 
0.20891992554110375147 0.00000000099999999975 0.00000000099999999975 0.00000000099999999975 0.00000000099999999975 0.00000000099999999975 0.00000000099999999975 0.00000000099999999975 0.79108006545889630878 0.00000000099999999975 0.00000000099999999975 
0.29719022385296262057 0.00000000099999999966 0.00000000099999999966 0.00000000099999999966 0.00000000099999999966 0.00000000099999999966 0.00000000099999999966 0.00000000099999999966 0.70280976714703724539 0.00000000099999999966 0.00000000099999999966 
0.27859945109242995054 0.00000000099999999973 0.00000000099999999973 0.00000000099999999973 0.00000000099999999973 0.00000000099999999973 0.00000000099999999973 0.00000000099999999973 0.72140053990756991542 0.00000000099999999973 0.00000000099999999973 
0.22634361683321266301 0.00000000099999999976 0.00000000099999999976 0.02972267404964707913 0.00000000099999999976 0.00000000099999999976 0.00000000099999999976 0.00000000099999999976 0.74393370111714007820 0.00000000099999999976 0.00000000099999999976 
0.10064753303931747719 0.00000000099999999957 0.00000000099999999957 0.00000000099999999957 0.00000000099999999957 0.00000000099999999957 0.00000000099999999957 0.00000000099999999957 0.89935245796068252755 0.00000000099999999957 0.00000000099999999957 
0.25705795853290686059 0.00000000099999999981 0.00000000099999999981 0.00000000099999999981 0.00000000099999999981 0.00000000099999999981 0.02217453570466775339 0.00000000099999999981 0.72076749776242532430 0.00000000099999999981 0.00000000099999999981 
0.24842176552068584439 0.00000000099999999975 0.00000000099999999975 0.00000000099999999975 0.00000000099999999975 0.00000000099999999975 0.00000000099999999975 0.00000000099999999975 0.75157822547931407708 0.00000000099999999975 0.00000000099999999975 
0.19015388765652521674 0.00000000099999999982 0.00000000099999999982 0.00000000099999999982 0.00000000099999999982 0.00000000099999999982 0.00000000099999999982 0.00000000099999999982 0.80984610334347473248 0.00000000099999999982 0.00000000099999999982 
0.10656153332951751045 0.00000000099999999950 0.00000000099999999950 0.00000000099999999950 0.00000000099999999950 0.00000000099999999950 0.00000000099999999950 0.00000000099999999950 0.89343845767048246653 0.00000000099999999950 0.00000000099999999950 
0.22848119471853362006 0.00000000099999999972 0.00000000099999999972 0.00000000099999999972 0.01734439078497524572 0.00000000099999999972 0.00000000099999999972 0.00000000099999999972 0.75417440649649103435 0.00000000099999999972 0.00000000099999999972 
0.26099895502889325360 0.00000000099999999987 0.00000000099999999987 0.02959070387833415833 0.00000000099999999987 0.00000000099999999987 0.00000000099999999987 0.00000000099999999987 0.70941033309277246044 0.00000000099999999987 0.00000000099999999987 
0.24093803161959495562 0.00000000099999999990 0.00000000099999999990 0.00000000099999999990 0.00000000099999999990 0.00000000099999999990 0.00094786048477415021 0.00000000099999999990 0.75811409989563083300 0.00000000099999999990 0.00000000099999999990 
0.20099734317982148601 0.00000000099999999973 0.00000000099999999973 0.00000000099999999973 0.00000000099999999973 0.00000000099999999973 0.00000000099999999973 0.00000000099999999973 0.79900264782017860199 0.00000000099999999973 0.00000000099999999973 
0.10251831952075447785 0.00000000099999999957 0.00000000099999999957 0.00000000099999999957 0.00000000099999999957 0.00000000099999999957 0.00000000099999999957 0.00000000099999999957 0.89748167147924562403 0.00000000099999999957 0.00000000099999999957 
0.20376454080908765198 0.00000000099999999965 0.00000000099999999965 0.00000000099999999965 0.00000000099999999965 0.00000000099999999965 0.00000000099999999965 0.00000000099999999965 0.79623545019091246377 0.00000000099999999965 0.00000000099999999965 
0.21151199131857617575 0.00000000099999999989 0.00000000099999999989 0.00000000099999999989 0.00000000099999999989 0.00000000099999999989 0.01114015473555505023 0.00000000099999999989 0.77734784594586880946 0.00000000099999999989 0.00000000099999999989 
0.23861458346788730345 0.00000000099999999956 0.00000000099999999956 0.00000000099999999956 0.00000000099999999956 0.00000000099999999956 0.00000000099999999956 0.00000000099999999956 0.76138540753211270129 0.00000000099999999956 0.00000000099999999956 
0.81495914536081837110 0.00000000099999999967 0.00000000099999999967 0.00000000099999999967 0.00000000099999999967 0.00000000099999999967 0.00000000099999999967 0.00000000099999999967 0.18504084563918185569 0.00000000099999999967 0.00000000099999999967 
0.99999999000000028282 0.00000000099999999970 0.00000000099999999970 0.00000000099999999970 0.00000000099999999970 0.00000000099999999970 0.00000000099999999970 0.00000000099999999970 0.00000000099999999970 0.00000000099999999970 0.00000000099999999970 
0.99999999000000017180 0.00000000099999999928 0.00000000099999999928 0.00000000099999999928 0.00000000099999999928 0.00000000099999999928 0.00000000099999999928 0.00000000099999999928 0.00000000099999999928 0.00000000099999999928 0.00000000099999999928 
0.38386926139720423112 0.00000000099999999961 0.00000000099999999961 0.00000000099999999961 0.00000000099999999961 0.00000000099999999961 0.00000000099999999961 0.00000000099999999961 0.61613072960279569035 0.00000000099999999961 0.00000000099999999961 
0.99999999000000028282 0.00000000099999999928 0.00000000099999999928 0.00000000099999999928 0.00000000099999999928 0.00000000099999999928 0.00000000099999999928 0.00000000099999999928 0.00000000099999999928 0.00000000099999999928 0.00000000099999999928 
0.78893897257622713770 0.00000000099999999963 0.00000000099999999963 0.00000000099999999963 0.00000000099999999963 0.00000000099999999963 0.00000000099999999963 0.00000000099999999963 0.21106101842377314459 0.00000000099999999963 0.00000000099999999963 
0.99999999000000017180 0.00000000099999999893 0.00000000099999999893 0.00000000099999999893 0.00000000099999999893 0.00000000099999999893 0.00000000099999999893 0.00000000099999999893 0.00000000099999999893 0.00000000099999999893 0.00000000099999999893 
0.99999999000000028282 0.00000000099999999917 0.00000000099999999917 0.00000000099999999917 0.00000000099999999917 0.00000000099999999917 0.00000000099999999917 0.00000000099999999917 0.00000000099999999917 0.00000000099999999917 0.00000000099999999917 
0.99999999000000017180 0.00000000099999999908 0.00000000099999999908 0.00000000099999999908 0.00000000099999999908 0.00000000099999999908 0.00000000099999999908 0.00000000099999999908 0.00000000099999999908 0.00000000099999999908 0.00000000099999999908 
0.50885753113758946942 0.00000000099999999975 0.00000000099999999975 0.00000000099999999975 0.00000000099999999975 0.00000000099999999975 0.00000000099999999975 0.00000000099999999975 0.49114245986241067410 0.00000000099999999975 0.00000000099999999975 
0.65747836915827861937 0.00000000099999999962 0.00000000099999999962 0.00000000099999999962 0.00000000099999999962 0.00000000099999999962 0.00000000099999999962 0.00000000099999999962 0.34252162184172163517 0.00000000099999999962 0.00000000099999999962 
0.88625906404262955185 0.00000000099999999961 0.00000000099999999961 0.00000000099999999961 0.00000000099999999961 0.00000000099999999961 0.00000000099999999961 0.00000000099999999961 0.11374092695737057779 0.00000000099999999961 0.00000000099999999961 
0.78379484257131015745 0.00000000099999999949 0.00000000099999999949 0.00000000099999999949 0.00000000099999999949 0.00000000099999999949 0.00000000099999999949 0.00000000099999999949 0.21620514842869004157 0.00000000099999999949 0.00000000099999999949 
0.99999999000000028282 0.00000000099999999916 0.00000000099999999916 0.00000000099999999916 0.00000000099999999916 0.00000000099999999916 0.00000000099999999916 0.00000000099999999916 0.00000000099999999916 0.00000000099999999916 0.00000000099999999916 
0.79620747028212524032 0.00000000099999999978 0.00000000099999999978 0.00000000099999999978 0.00000000099999999978 0.00000000099999999978 0.00000000099999999978 0.00000000099999999978 0.20379252071787506972 0.00000000099999999978 0.00000000099999999978 
0.84281009492118863502 0.00000000099999999955 0.00000000099999999955 0.00000000099999999955 0.00000000099999999955 0.00000000099999999955 0.00000000099999999955 0.00000000099999999955 0.15718989607881161952 0.00000000099999999955 0.00000000099999999955 
0.28751996272570534696 0.00000000099999999960 0.00000000099999999960 0.00000000099999999960 0.00000000099999999960 0.00000000099999999960 0.00000000099999999960 0.00000000099999999960 0.71248002827429446349 0.00000000099999999960 0.00000000099999999960 
0.22046483233743122132 0.00000000099999999992 0.01342735843681335840 0.06114536004039518996 0.00000000099999999992 0.00000000099999999992 0.00000000099999999992 0.00000000099999999992 0.70496244218536019410 0.00000000099999999992 0.00000000099999999992 
0.23140803054388703330 0.00000000099999999976 0.00000000099999999976 0.00000000099999999976 0.00000000099999999976 0.00000000099999999976 0.00000000099999999976 0.00000000099999999976 0.76859196045611288817 0.00000000099999999976 0.00000000099999999976 
0.00000000099999999968 0.00000000099999999968 0.00000000099999999968 0.00000000099999999968 0.00000000099999999968 0.00000000099999999968 0.00000000099999999968 0.00000000099999999968 0.99999998999999994975 0.00000000099999999968 0.00000000099999999968 
0.12221478797004908801 0.00000000099999999988 0.00000000099999999988 0.00000000099999999988 0.00000000099999999988 0.00000000099999999988 0.05626286581245158042 0.00000000099999999988 0.82152233821749931497 0.00000000099999999988 0.00000000099999999988 
0.05955338887878274673 0.00000000099999999962 0.00000000099999999962 0.00000000099999999962 0.00000000099999999962 0.00000000099999999962 0.00000000099999999962 0.00000000099999999962 0.94044660212121722331 0.00000000099999999962 0.00000000099999999962 
0.21695703233505178598 0.00000000099999999985 0.00000000099999999985 0.00000000099999999985 0.00000000099999999985 0.00000000099999999985 0.00000000099999999985 0.00000000099999999985 0.77605081836742562107 0.00699214129752250696 0.00000000099999999985 
0.00000000099999999951 0.00000000099999999951 0.00000000099999999951 0.00000000099999999951 0.00000000099999999951 0.00000000099999999951 0.00000000099999999951 0.00000000099999999951 0.99999998999999994975 0.00000000099999999951 0.00000000099999999951 
0.23514212653564658950 0.00000000099999999985 0.00000000099999999985 0.00000000099999999985 0.00000000099999999985 0.00000000099999999985 0.00000000099999999985 0.00000000099999999985 0.76485786446435344299 0.00000000099999999985 0.00000000099999999985 
0.02384767511803798090 0.00000000099999999971 0.00000000099999999971 0.00000000099999999971 0.00000000099999999971 0.00000000099999999971 0.00000000099999999971 0.00000000099999999971 0.97615231588196205159 0.00000000099999999971 0.00000000099999999971 
0.00260563842339605212 0.00000000099999999964 0.00000000099999999964 0.00000000099999999964 0.00000000099999999964 0.00000000099999999964 0.00000000099999999964 0.00000000099999999964 0.99739435257660391532 0.00000000099999999964 0.00000000099999999964 
0.00000000099999999948 0.00000000099999999948 0.00000000099999999948 0.00000000099999999948 0.00000000099999999948 0.00000000099999999948 0.00000000099999999948 0.00000000099999999948 0.99999998999999994975 0.00000000099999999948 0.00000000099999999948 
0.00000000099999999950 0.00000000099999999950 0.00000000099999999950 0.00000000099999999950 0.00000000099999999950 0.00000000099999999950 0.00000000099999999950 0.00000000099999999950 0.99999999000000006077 0.00000000099999999950 0.00000000099999999950 
0.00000000099999999944 0.00000000099999999944 0.00000000099999999944 0.00000000099999999944 0.00000000099999999944 0.00000000099999999944 0.00000000099999999944 0.00000000099999999944 0.99999999000000006077 0.00000000099999999944 0.00000000099999999944 
0.16256401964644676128 0.00000000099999999991 0.00000000099999999991 0.00000000099999999991 0.00000000099999999991 0.04904818183168755535 0.00000112892760291731 0.00000000099999999991 0.78838666259426271044 0.00000000099999999991 0.00000000099999999991 
0.00000000099999999956 0.00000000099999999956 0.00000000099999999956 0.00000000099999999956 0.00000000099999999956 0.00000000099999999956 0.00000000099999999956 0.00000000099999999956 0.99999999000000006077 0.00000000099999999956 0.00000000099999999956 
0.20943989092261183771 0.00000000099999999985 0.00000000099999999985 0.00000000099999999985 0.00000000099999999985 0.00000000099999999985 0.03652429486868013359 0.00000000099999999985 0.75403580620870802598 0.00000000099999999985 0.00000000099999999985 
0.07245533279303434382 0.00000000099999999958 0.00000000099999999958 0.00000000099999999958 0.00000000099999999958 0.00000000099999999958 0.00000000099999999958 0.00000000099999999958 0.92754465820696574418 0.00000000099999999958 0.00000000099999999958 
0.13531094835872053972 0.00000000099999999969 0.00000000099999999969 0.00000000099999999969 0.00000000099999999969 0.00000000099999999969 0.00000000099999999969 0.00000000099999999969 0.86468904264127943726 0.00000000099999999969 0.00000000099999999969 
0.12998142724903918865 0.00000000099999999967 0.00000000099999999967 0.00000000099999999967 0.00000000099999999967 0.00000000099999999967 0.00000000099999999967 0.00000000099999999967 0.87001856375096087159 0.00000000099999999967 0.00000000099999999967 
0.08541169873987392025 0.00000000099999999967 0.00000000099999999967 0.00000000099999999967 0.00000000099999999967 0.00000000099999999967 0.00000000099999999967 0.00000000099999999967 0.91458829226012616775 0.00000000099999999967 0.00000000099999999967 
0.22907060847108240420 0.00000000099999999978 0.00000000099999999978 0.00000000099999999978 0.00000000099999999978 0.00000000099999999978 0.00000000099999999978 0.00000000099999999978 0.77092938252891773931 0.00000000099999999978 0.00000000099999999978 
0.17071917557478458183 0.00000000099999999980 0.00000000099999999980 0.00556197367956490479 0.00000000099999999980 0.00000000099999999980 0.00000000099999999980 0.00000000099999999980 0.82371884274565043693 0.00000000099999999980 0.00000000099999999980 
0.09328779061721022281 0.00000000099999999964 0.00000000099999999964 0.00000000099999999964 0.00000000099999999964 0.00000000099999999964 0.00000000099999999964 0.00000000099999999964 0.90671220038278976805 0.00000000099999999964 0.00000000099999999964 
0.17317312650534094631 0.03369770752903066685 0.00000000099999999991 0.00000000099999999991 0.00000000099999999991 0.00000000099999999991 0.00000000099999999991 0.00000000099999999991 0.79312915796562843962 0.00000000099999999991 0.00000000099999999991 
0.09100672963746388178 0.00000000099999999954 0.00000000099999999954 0.00000000099999999954 0.00000000099999999954 0.00000000099999999954 0.00000000099999999954 0.00000000099999999954 0.90899326136253610908 0.00000000099999999954 0.00000000099999999954 
0.74886516009840142782 0.00000000099999999956 0.00000000099999999956 0.00000000099999999956 0.00000000099999999956 0.00000000099999999956 0.00000000099999999956 0.00000000099999999956 0.25113483090159877120 0.00000000099999999956 0.00000000099999999956 
0.10037867775933005665 0.00000000099999999969 0.00000000099999999969 0.00000000099999999969 0.00000000099999999969 0.00000000099999999969 0.00000000099999999969 0.00000000099999999969 0.89962131324066985094 0.00000000099999999969 0.00000000099999999969 
0.24767424021521627919 0.00000000099999999969 0.00000000099999999969 0.00000000099999999969 0.00000000099999999969 0.00000000099999999969 0.00000000099999999969 0.00000000099999999969 0.75232575078478369779 0.00000000099999999969 0.00000000099999999969 
0.19309198711463848586 0.00000000099999999976 0.00000000099999999976 0.00000000099999999976 0.00000000099999999976 0.00000000099999999976 0.00000000099999999976 0.00000000099999999976 0.80690800388536154664 0.00000000099999999976 0.00000000099999999976 
0.00000000099999999992 0.03445760095763670400 0.30295740998756187645 0.00000000099999999992 0.00000000099999999992 0.16337992334766515690 0.01581093538148392943 0.24740516493034672707 0.00046547336747118629 0.13459677230797204017 0.10092671671986225279 
0.00000000099999999979 0.02974308895501199743 0.16505411445225021128 0.00000000099999999979 0.00000000099999999979 0.15923889901016802240 0.00000000099999999979 0.41542989321697393335 0.00000000099999999979 0.11873095832975003039 0.11180304103584584596 
0.00000000099999999985 0.00000000099999999985 0.19101085014065974366 0.00000000099999999985 0.00000000099999999985 0.15126817355331090287 0.00000000099999999985 0.30791110394831144870 0.00000000099999999985 0.20817413874588211464 0.14163572761183587656 
0.00000000099999999977 0.00000000099999999977 0.10529747734155087135 0.00000000099999999977 0.00000000099999999977 0.32453876814525334238 0.00000000099999999977 0.29538726238422485793 0.00000000099999999977 0.12758211310759004498 0.14719437302138083101 
0.01177577303438711968 0.01309241384249857851 0.13462448679837182852 0.00000000099999999995 0.00000000099999999995 0.13182392215993979367 0.00000000099999999995 0.35369307405669925259 0.09315513174856572542 0.10051003343240279275 0.16132516192713503012 
0.00000000099999999984 0.00000000099999999984 0.13247249321702514457 0.00000000099999999984 0.00000000099999999984 0.15512557536250667911 0.00000000099999999984 0.36300697907436724199 0.03320037458189128293 0.15483761158863759699 0.16135696117557202234 
0.00000000099999999994 0.01099588226343029343 0.17584231107820619266 0.00723832102112730979 0.00000000099999999994 0.19968601804665123134 0.00000000099999999994 0.27429448245410820162 0.01583736929666689289 0.10974161941827366429 0.20636399342153613490 
0.01813760104484626184 0.00000000099999999985 0.18227442710862465369 0.00000000099999999985 0.00000000099999999985 0.12239797786297251792 0.00000000099999999985 0.28476366324949764497 0.00000000099999999985 0.17110765534184979586 0.22131867039220926019 
0.00000000099999999960 0.00000000099999999960 0.05942381974269991818 0.00000000099999999960 0.00000000099999999960 0.15190193104245902633 0.00000000099999999960 0.62882537972866914266 0.00000000099999999960 0.06618515988773598924 0.09366370359843598226 
0.00000000099999999955 0.00000000099999999955 0.05505618090566982703 0.00000000099999999955 0.00000000099999999955 0.15133636197213612418 0.00000000099999999955 0.64980042438675567062 0.00000000099999999955 0.10565545971427676986 0.03815156702116174331 
0.00000000099999999969 0.00000000099999999969 0.04719381608721144594 0.00000000099999999969 0.00000000099999999969 0.07809170920386329651 0.00000000099999999969 0.64177547843283810902 0.00000000099999999969 0.18439879714310672409 0.04854019313298028188 
0.00000000099999999969 0.00000000099999999969 0.03289744816717508208 0.00000000099999999969 0.00000000099999999969 0.11332940100519002524 0.00000000099999999969 0.69572837996446557085 0.00000000099999999969 0.10256968356633577866 0.05547508129683348388 
0.00879649590027703140 0.00000000099999999988 0.07980020235328426359 0.00000000099999999988 0.00000000099999999988 0.18140101515568674007 0.00000000099999999988 0.45919292559216595695 0.02539204517802474276 0.13931204024167972988 0.10610527157888154093 
0.00000000099999999958 0.00000000099999999958 0.00000000099999999958 0.00000000099999999958 0.00000000099999999958 0.18236983014902286016 0.00000000099999999958 0.56463562016027346591 0.00000000099999999958 0.15896226205980543145 0.09403228063089827393 
0.01166270086735957980 0.00000000099999999987 0.13720521495391010958 0.00000000099999999987 0.00000000099999999987 0.18983072108419449253 0.00000000099999999987 0.40512888972379279551 0.00000000099999999987 0.14117678850266529578 0.11499567986807771036 
0.00000000099999999980 0.00000000099999999980 0.05304061384238374643 0.00000000099999999980 0.00000000099999999980 0.13954310171028563858 0.00000000099999999980 0.56557639924909841600 0.00000000099999999980 0.14035048549711456878 0.10148939370111767500 
0.00000000099999999950 0.00000000099999999950 0.00685939780337601820 0.00000000099999999950 0.00000000099999999950 0.16003604633676982161 0.00000000099999999950 0.61170335546604115429 0.00000000099999999950 0.16526645922503868658 0.05613473516877431208 
0.00000000099999999970 0.00000000099999999970 0.18832946735049846398 0.00000000099999999970 0.00000000099999999970 0.11775273113381704015 0.00000000099999999970 0.49459929348527192916 0.00000000099999999970 0.19737437313313688225 0.00194412889727550329 
0.00000000099999999968 0.00000000099999999968 0.09399421987967286618 0.00000000099999999968 0.00000000099999999968 0.10947659613630288111 0.00000000099999999968 0.46832166543722747454 0.00000000099999999968 0.19710482023775113825 0.13110269230904553206 
0.00000000099999999966 0.00000000099999999966 0.09451279598875442223 0.00000000099999999966 0.00000000099999999966 0.13822767468583133099 0.00000000099999999966 0.42277787641436637145 0.00000000099999999966 0.15306709660911227422 0.19141455030193560427 
