0.00000000099999999921 0.99999999200000011523 0.00000000099999999921 0.00000000099999999921 0.00000000099999999921 0.00000000099999999921 0.00000000099999999921 0.00000000099999999921 0.00000000099999999921 
0.00000000099999999930 0.99999999200000022626 0.00000000099999999930 0.00000000099999999930 0.00000000099999999930 0.00000000099999999930 0.00000000099999999930 0.00000000099999999930 0.00000000099999999930 
0.00000000099999999923 0.99999999200000011523 0.00000000099999999923 0.00000000099999999923 0.00000000099999999923 0.00000000099999999923 0.00000000099999999923 0.00000000099999999923 0.00000000099999999923 
0.00000000099999999917 0.00000000099999999917 0.00000000099999999917 0.00000000099999999917 0.00000000099999999917 0.00000000099999999917 0.00000000099999999917 0.99999999200000000421 0.00000000099999999917 
0.00000000099999999902 0.00000000099999999902 0.00000000099999999902 0.00000000099999999902 0.00000000099999999902 0.00000000099999999902 0.00000000099999999902 0.99999999199999989319 0.00000000099999999902 
0.00000000099999999916 0.00000000099999999916 0.00000000099999999916 0.00000000099999999916 0.00000000099999999916 0.00000000099999999916 0.00000000099999999916 0.99999999200000000421 0.00000000099999999916 
0.00000000099999999921 0.99999999200000011523 0.00000000099999999921 0.00000000099999999921 0.00000000099999999921 0.00000000099999999921 0.00000000099999999921 0.00000000099999999921 0.00000000099999999921 
0.00000000099999999929 0.99999999200000022626 0.00000000099999999929 0.00000000099999999929 0.00000000099999999929 0.00000000099999999929 0.00000000099999999929 0.00000000099999999929 0.00000000099999999929 
0.00000000099999999925 0.99999999200000022626 0.00000000099999999925 0.00000000099999999925 0.00000000099999999925 0.00000000099999999925 0.00000000099999999925 0.00000000099999999925 0.00000000099999999925 
0.00000000099999999925 0.99999999200000022626 0.00000000099999999925 0.00000000099999999925 0.00000000099999999925 0.00000000099999999925 0.00000000099999999925 0.00000000099999999925 0.00000000099999999925 
0.00000000099999999925 0.99999999200000011523 0.00000000099999999925 0.00000000099999999925 0.00000000099999999925 0.00000000099999999925 0.00000000099999999925 0.00000000099999999925 0.00000000099999999925 
0.00000000099999999926 0.99999999200000022626 0.00000000099999999926 0.00000000099999999926 0.00000000099999999926 0.00000000099999999926 0.00000000099999999926 0.00000000099999999926 0.00000000099999999926 
0.00000000099999999917 0.00000000099999999917 0.00000000099999999917 0.00000000099999999917 0.00000000099999999917 0.00000000099999999917 0.00000000099999999917 0.99999999200000000421 0.00000000099999999917 
0.00000000099999999898 0.00000000099999999898 0.00000000099999999898 0.00000000099999999898 0.00000000099999999898 0.00000000099999999898 0.00000000099999999898 0.99999999199999989319 0.00000000099999999898 
0.00000000099999999912 0.00000000099999999912 0.00000000099999999912 0.00000000099999999912 0.00000000099999999912 0.00000000099999999912 0.00000000099999999912 0.99999999200000000421 0.00000000099999999912 
0.00000000099999999913 0.00000000099999999913 0.00000000099999999913 0.00000000099999999913 0.00000000099999999913 0.00000000099999999913 0.00000000099999999913 0.99999999199999989319 0.00000000099999999913 
0.00000000099999999909 0.00000000099999999909 0.00000000099999999909 0.00000000099999999909 0.00000000099999999909 0.00000000099999999909 0.00000000099999999909 0.99999999200000000421 0.00000000099999999909 
0.00000000099999999909 0.00000000099999999909 0.00000000099999999909 0.00000000099999999909 0.00000000099999999909 0.00000000099999999909 0.00000000099999999909 0.99999999199999989319 0.00000000099999999909 
0.00000000099999999921 0.99999999200000011523 0.00000000099999999921 0.00000000099999999921 0.00000000099999999921 0.00000000099999999921 0.00000000099999999921 0.00000000099999999921 0.00000000099999999921 
0.00000000099999999971 0.66603033089030949654 0.00000000099999999971 0.00000000099999999971 0.00000000099999999971 0.00000000099999999971 0.00000000099999999971 0.33396966210969064592 0.00000000099999999971 
0.00000000099999999921 0.99999999200000011523 0.00000000099999999921 0.00000000099999999921 0.00000000099999999921 0.00000000099999999921 0.00000000099999999921 0.00000000099999999921 0.00000000099999999921 
0.00000000099999999972 0.66474576836265508728 0.00000000099999999972 0.00000000099999999972 0.00000000099999999972 0.00000000099999999972 0.00000000099999999972 0.33525422463734511069 0.00000000099999999972 
0.00000000099999999919 0.99999999200000022626 0.00000000099999999919 0.00000000099999999919 0.00000000099999999919 0.00000000099999999919 0.00000000099999999919 0.00000000099999999919 0.00000000099999999919 
0.00000000099999999948 0.99999999200000022626 0.00000000099999999948 0.00000000099999999948 0.00000000099999999948 0.00000000099999999948 0.00000000099999999948 0.00000000099999999948 0.00000000099999999948 
0.00000000099999999912 0.99999999200000022626 0.00000000099999999912 0.00000000099999999912 0.00000000099999999912 0.00000000099999999912 0.00000000099999999912 0.00000000099999999912 0.00000000099999999912 
0.00000000099999999975 0.62696630439064815477 0.00000000099999999975 0.00000000099999999975 0.00000000099999999975 0.00000000099999999975 0.00000000099999999975 0.37303368860935193219 0.00000000099999999975 
0.00000000099999999911 0.99999999200000011523 0.00000000099999999911 0.00000000099999999911 0.00000000099999999911 0.00000000099999999911 0.00000000099999999911 0.00000000099999999911 0.00000000099999999911 
0.00000000099999999925 0.99999999200000022626 0.00000000099999999925 0.00000000099999999925 0.00000000099999999925 0.00000000099999999925 0.00000000099999999925 0.00000000099999999925 0.00000000099999999925 
0.00000000099999999915 0.99999999200000011523 0.00000000099999999915 0.00000000099999999915 0.00000000099999999915 0.00000000099999999915 0.00000000099999999915 0.00000000099999999915 0.00000000099999999915 
0.00000000099999999919 0.99999999200000022626 0.00000000099999999919 0.00000000099999999919 0.00000000099999999919 0.00000000099999999919 0.00000000099999999919 0.00000000099999999919 0.00000000099999999919 
0.00000000099999999950 0.99999999200000011523 0.00000000099999999950 0.00000000099999999950 0.00000000099999999950 0.00000000099999999950 0.00000000099999999950 0.00000000099999999950 0.00000000099999999950 
0.00000000099999999932 0.99999999200000022626 0.00000000099999999932 0.00000000099999999932 0.00000000099999999932 0.00000000099999999932 0.00000000099999999932 0.00000000099999999932 0.00000000099999999932 
0.00000000099999999931 0.99999999200000022626 0.00000000099999999931 0.00000000099999999931 0.00000000099999999931 0.00000000099999999931 0.00000000099999999931 0.00000000099999999931 0.00000000099999999931 
0.00000000099999999962 0.66687709547804052690 0.00000000099999999962 0.00000000099999999962 0.00000000099999999962 0.00000000099999999962 0.00000000099999999962 0.33312289752195961556 0.00000000099999999962 
0.00000000099999999959 0.99999999200000022626 0.00000000099999999959 0.00000000099999999959 0.00000000099999999959 0.00000000099999999959 0.00000000099999999959 0.00000000099999999959 0.00000000099999999959 
0.00000000099999999930 0.99999999200000011523 0.00000000099999999930 0.00000000099999999930 0.00000000099999999930 0.00000000099999999930 0.00000000099999999930 0.00000000099999999930 0.00000000099999999930 
0.00000000099999999924 0.99999999200000011523 0.00000000099999999924 0.00000000099999999924 0.00000000099999999924 0.00000000099999999924 0.00000000099999999924 0.00000000099999999924 0.00000000099999999924 
0.00000000099999999926 0.99999999200000022626 0.00000000099999999926 0.00000000099999999926 0.00000000099999999926 0.00000000099999999926 0.00000000099999999926 0.00000000099999999926 0.00000000099999999926 
0.00000000099999999920 0.00000000099999999920 0.00000000099999999920 0.99999999200000000421 0.00000000099999999920 0.00000000099999999920 0.00000000099999999920 0.00000000099999999920 0.00000000099999999920 
0.00000000099999999926 0.00000000099999999926 0.00000000099999999926 0.99999999200000011523 0.00000000099999999926 0.00000000099999999926 0.00000000099999999926 0.00000000099999999926 0.00000000099999999926 
0.00000000099999999989 0.00000000099999999989 0.00000000099999999989 0.72528810240738039727 0.03231822214667168930 0.24239365547452623728 0.00000001497142152066 0.00000000099999999989 0.00000000099999999989 
0.00000000099999999942 0.00000000099999999942 0.00000000099999999942 0.99999999200000011523 0.00000000099999999942 0.00000000099999999942 0.00000000099999999942 0.00000000099999999942 0.00000000099999999942 
0.00000000099999999917 0.00000000099999999917 0.00000000099999999917 0.99999999200000011523 0.00000000099999999917 0.00000000099999999917 0.00000000099999999917 0.00000000099999999917 0.00000000099999999917 
0.00000000099999999928 0.00000000099999999928 0.00000000099999999928 0.99999999200000000421 0.00000000099999999928 0.00000000099999999928 0.00000000099999999928 0.00000000099999999928 0.00000000099999999928 
0.00000000099999999934 0.00000000099999999934 0.00000000099999999934 0.99999999200000000421 0.00000000099999999934 0.00000000099999999934 0.00000000099999999934 0.00000000099999999934 0.00000000099999999934 
0.00000000099999999922 0.00000000099999999922 0.00000000099999999922 0.99999999200000000421 0.00000000099999999922 0.00000000099999999922 0.00000000099999999922 0.00000000099999999922 0.00000000099999999922 
0.00000000099999999926 0.00000000099999999926 0.00000000099999999926 0.99999999200000000421 0.00000000099999999926 0.00000000099999999926 0.00000000099999999926 0.00000000099999999926 0.00000000099999999926 
0.00000000099999999994 0.00000000099999999994 0.00002246734838082951 0.70865376371402055700 0.04286175599522879659 0.24832258650421468182 0.00000000099999999994 0.00000000099999999994 0.00013942243815518002 
0.00000000099999999927 0.00000000099999999927 0.00000000099999999927 0.99999999200000000421 0.00000000099999999927 0.00000000099999999927 0.00000000099999999927 0.00000000099999999927 0.00000000099999999927 
0.00000000099999999930 0.00000000099999999930 0.00000000099999999930 0.99999999200000011523 0.00000000099999999930 0.00000000099999999930 0.00000000099999999930 0.00000000099999999930 0.00000000099999999930 
0.00000000099999999939 0.00000000099999999939 0.00000000099999999939 0.99999999200000000421 0.00000000099999999939 0.00000000099999999939 0.00000000099999999939 0.00000000099999999939 0.00000000099999999939 
0.00000000099999999941 0.00000000099999999941 0.00000000099999999941 0.99999999200000011523 0.00000000099999999941 0.00000000099999999941 0.00000000099999999941 0.00000000099999999941 0.00000000099999999941 
0.00000000099999999941 0.00000000099999999941 0.00000000099999999941 0.99999999200000000421 0.00000000099999999941 0.00000000099999999941 0.00000000099999999941 0.00000000099999999941 0.00000000099999999941 
0.00000000099999999928 0.00000000099999999928 0.00000000099999999928 0.99999999200000011523 0.00000000099999999928 0.00000000099999999928 0.00000000099999999928 0.00000000099999999928 0.00000000099999999928 
0.00000000099999999932 0.00000000099999999932 0.00000000099999999932 0.99999999200000000421 0.00000000099999999932 0.00000000099999999932 0.00000000099999999932 0.00000000099999999932 0.00000000099999999932 
0.00000000099999999946 0.00000000099999999946 0.00000000099999999946 0.99999999200000011523 0.00000000099999999946 0.00000000099999999946 0.00000000099999999946 0.00000000099999999946 0.00000000099999999946 
0.00000000099999999948 0.00000000099999999948 0.00000000099999999948 0.99999999200000011523 0.00000000099999999948 0.00000000099999999948 0.00000000099999999948 0.00000000099999999948 0.00000000099999999948 
0.00000000099999999997 0.00000000099999999997 0.14940415013798818977 0.28188104824675430660 0.07984422513611044714 0.38496090135035715418 0.00000000099999999997 0.04668666666335870297 0.05722300546543111766 
0.11007185247324727251 0.00000000099999999995 0.03650803660162936504 0.26854643357314056384 0.07786297273833646393 0.50330193760337582631 0.00000000099999999995 0.00370876401027055765 0.00000000099999999995 
0.07726547499769660654 0.00000000099999999996 0.09421825290580942980 0.24784729105982963859 0.07691573289145944847 0.44459014844304445280 0.02880927328528995121 0.00000000099999999996 0.03035382441687036956 
0.10642765216332157607 0.00000000099999999998 0.01864310655111189874 0.24849510854768105950 0.10083757658098410626 0.52112369879501996284 0.00000000099999999998 0.00447285436188146236 0.00000000099999999998 
0.01370274697068570371 0.00000000099999999997 0.06609619912909499295 0.26956942053657106939 0.11506111419087135250 0.48890724508562855011 0.00000000099999999997 0.01159854907671890693 0.03506472301042955209 
0.07782135791591585083 0.00000000099999999993 0.03500146785683139888 0.28835796098183008596 0.06974845391398239169 0.52907075533144021229 0.00000000099999999993 0.00000000099999999993 0.00000000099999999993 
0.08756363535190195280 0.00000000099999999999 0.09136981387356345186 0.24715359303104678101 0.06042701410008954888 0.47377816578727444119 0.00302291101893086868 0.00000003706038875346 0.03668482877680414450 
0.00000000099999999999 0.00563050612987269980 0.09386536080362441192 0.25688828538857716444 0.09407764786545384783 0.39244637696582884701 0.04945152986481231305 0.00000000099999999999 0.10764029098183082456 
0.02449948352162064150 0.00000000099999999998 0.00797615772825600693 0.24032278333063131215 0.09196673671276413276 0.55802457151303241911 0.03304760994668830276 0.00000000099999999998 0.04416265524700718759 
0.00000000099999999984 0.00000000099999999984 0.00000000099999999984 0.14452925052380011239 0.00000000099999999984 0.85547074247620003007 0.00000000099999999984 0.00000000099999999984 0.00000000099999999984 
0.03470499293921276013 0.00979885276692108592 0.04169699246916507701 0.24324909648251527572 0.00685340248889177231 0.60628961909947487463 0.03137060302817593072 0.01036369486299928457 0.01567274586264395461 
0.07165982885645984235 0.00000000099999999995 0.06173444074645912522 0.29320370827413161363 0.08220235269767833808 0.49119966542527127018 0.00000000099999999995 0.00000000099999999995 0.00000000099999999995 
0.00000000099999999984 0.00000000099999999984 0.00000000099999999984 0.17936434179770396891 0.00000000099999999984 0.82063565120229597927 0.00000000099999999984 0.00000000099999999984 0.00000000099999999984 
0.01154912706079885484 0.00000000099999999998 0.00000000099999999998 0.18815666436248773552 0.09793813365328474241 0.65063928031509699057 0.00000000099999999998 0.00000030749067401340 0.05171648411765754350 
0.00000000099999999983 0.00000000099999999983 0.00000000099999999983 0.19855867725914314037 0.00000000099999999983 0.80144131574085675229 0.00000000099999999983 0.00000000099999999983 0.00000000099999999983 
0.00437176294250460774 0.00000000099999999990 0.00000000099999999990 0.15184016432694352750 0.00000000099999999990 0.84378806673055173349 0.00000000099999999990 0.00000000099999999990 0.00000000099999999990 
0.00000000099999999985 0.00000000099999999985 0.00000000099999999985 0.15352293539052411231 0.00000000099999999985 0.84647705760947589138 0.00000000099999999985 0.00000000099999999985 0.00000000099999999985 
0.06702700438183901988 0.00000000099999999974 0.00000000099999999974 0.00000000099999999974 0.00000000099999999974 0.00000000099999999974 0.00000000099999999974 0.00000000099999999974 0.93297298861816102544 
0.13488075065106547301 0.00000000099999999965 0.00000000099999999965 0.00000000099999999965 0.00000000099999999965 0.00000000099999999965 0.00000000099999999965 0.00000000099999999965 0.86511924234893444741 
0.29363341387807428973 0.00000000099999999976 0.00000000099999999976 0.00000000099999999976 0.00000000099999999976 0.00000000099999999976 0.00000000099999999976 0.00000000099999999976 0.70636657912192557518 
0.21166410368951268928 0.00000000099999999981 0.00000000099999999981 0.00000000099999999981 0.00000000099999999981 0.00000000099999999981 0.00000000099999999981 0.00000000099999999981 0.78833588931048736992 
0.00000000099999999952 0.00000000099999999952 0.00000000099999999952 0.00000000099999999952 0.00000000099999999952 0.00000000099999999952 0.00000000099999999952 0.00000000099999999952 0.99999999199999989319 
0.21819104100510189337 0.00000000099999999983 0.00000000099999999983 0.00000000099999999983 0.00000000099999999983 0.00000000099999999983 0.00000000099999999983 0.01568681111393958535 0.76612214188095850709 
0.27941912096369009300 0.00000000099999999977 0.00000000099999999977 0.00000000099999999977 0.00000000099999999977 0.00000000099999999977 0.00000000099999999977 0.00000000099999999977 0.72058087203630971640 
0.00000000099999999978 0.00000000099999999978 0.00000000099999999978 0.00000000099999999978 0.00000000099999999978 0.00000000099999999978 0.00000000099999999978 0.00000000099999999978 0.99999999200000000421 
0.00000000099999999952 0.00000000099999999952 0.00000000099999999952 0.00000000099999999952 0.00000000099999999952 0.00000000099999999952 0.00000000099999999952 0.00000000099999999952 0.99999999200000000421 
0.06586987264952021137 0.00000000099999999970 0.00000000099999999970 0.00000000099999999970 0.00000000099999999970 0.00000000099999999970 0.00000000099999999970 0.00000000099999999970 0.93413012035047982007 
0.27233900457851273336 0.00000000099999999988 0.00000000099999999988 0.00000000099999999988 0.00000000099999999988 0.00000000099999999988 0.00000000099999999988 0.02572750559334227582 0.70193348382814491071 
0.18508851693063144150 0.00000000099999999988 0.00000000099999999988 0.00000000099999999988 0.00000000099999999988 0.00000000099999999988 0.00000000099999999988 0.00000000099999999988 0.81491147606936853443 
0.06544709301934159562 0.00000000099999999973 0.00000000099999999973 0.00000000099999999973 0.00000000099999999973 0.00000000099999999973 0.00000000099999999973 0.00000000099999999973 0.93455289998065838031 
0.08415854564810749949 0.00000000099999999964 0.00000000099999999964 0.00000000099999999964 0.00000000099999999964 0.00000000099999999964 0.00000000099999999964 0.00000000099999999964 0.91584144735189254583 
0.12594283391932487026 0.00000000099999999967 0.00000000099999999967 0.00000000099999999967 0.00000000099999999967 0.00000000099999999967 0.00000000099999999967 0.00000000099999999967 0.87405715908067527220 
0.18032672777494165861 0.00000000099999999987 0.00000000099999999987 0.00000000099999999987 0.00000000099999999987 0.00000000099999999987 0.00000000099999999987 0.00000000099999999987 0.81967326522505845610 
0.00000004951536106738 0.00000000099999999961 0.00000000099999999961 0.00000000099999999961 0.00000000099999999961 0.00000000099999999961 0.00000000099999999961 0.00000000099999999961 0.99999994348463883131 
0.81088006927305311677 0.00000000099999999979 0.00000000099999999979 0.00000000099999999979 0.00000000099999999979 0.00000000099999999979 0.00000000099999999979 0.00000000099999999979 0.18911992372694721998 
0.99999999200000011523 0.00000000099999999984 0.00000000099999999984 0.00000000099999999984 0.00000000099999999984 0.00000000099999999984 0.00000000099999999984 0.00000000099999999984 0.00000000099999999984 
0.91478252486123301512 0.00000000099999999955 0.00000000099999999955 0.00000000099999999955 0.00000000099999999955 0.00000000099999999955 0.00000000099999999955 0.00000000099999999955 0.08521746813876714122 
0.45296883246549179969 0.00000000099999999968 0.00000000099999999968 0.00000000099999999968 0.00000000099999999968 0.00000000099999999968 0.00000000099999999968 0.00000000099999999968 0.54703116053450806522 
0.99999999200000022626 0.00000000099999999936 0.00000000099999999936 0.00000000099999999936 0.00000000099999999936 0.00000000099999999936 0.00000000099999999936 0.00000000099999999936 0.00000000099999999936 
0.83176576126636947439 0.00000000099999999968 0.00000000099999999968 0.00000000099999999968 0.00000000099999999968 0.00000000099999999968 0.00000000099999999968 0.00000000099999999968 0.16823423173363069583 
0.99999999200000011523 0.00000000099999999928 0.00000000099999999928 0.00000000099999999928 0.00000000099999999928 0.00000000099999999928 0.00000000099999999928 0.00000000099999999928 0.00000000099999999928 
0.99999999200000011523 0.00000000099999999944 0.00000000099999999944 0.00000000099999999944 0.00000000099999999944 0.00000000099999999944 0.00000000099999999944 0.00000000099999999944 0.00000000099999999944 
0.99999999200000022626 0.00000000099999999931 0.00000000099999999931 0.00000000099999999931 0.00000000099999999931 0.00000000099999999931 0.00000000099999999931 0.00000000099999999931 0.00000000099999999931 
0.48874679389306230348 0.00000000099999999979 0.00000000099999999979 0.00000000099999999979 0.00000000099999999979 0.00000000099999999979 0.00000000099999999979 0.00000000099999999979 0.51125319910693756142 
0.64009989018772117664 0.00000000099999999968 0.00000000099999999968 0.00000000099999999968 0.00000000099999999968 0.00000000099999999968 0.00000000099999999968 0.00000000099999999968 0.35990010281227896582 
0.99999999200000011523 0.00000000099999999965 0.00000000099999999965 0.00000000099999999965 0.00000000099999999965 0.00000000099999999965 0.00000000099999999965 0.00000000099999999965 0.00000000099999999965 
0.70517805111971210152 0.00000000099999999962 0.00000000099999999962 0.00000000099999999962 0.00000000099999999962 0.00000000099999999962 0.00000000099999999962 0.00000000099999999962 0.29482194188028798543 
0.99999999200000011523 0.00000000099999999941 0.00000000099999999941 0.00000000099999999941 0.00000000099999999941 0.00000000099999999941 0.00000000099999999941 0.00000000099999999941 0.00000000099999999941 
0.78874543242873884630 0.00000000099999999982 0.00000000099999999982 0.00000000099999999982 0.00000000099999999982 0.00000000099999999982 0.00000000099999999982 0.00000000099999999982 0.21125456057126146270 
0.87109302839668312224 0.00000000099999999963 0.00000000099999999963 0.00000000099999999963 0.00000000099999999963 0.00000000099999999963 0.00000000099999999963 0.00000000099999999963 0.12890696460331696471 
0.28425804363155027232 0.00000000099999999968 0.00000000099999999968 0.00000000099999999968 0.00000000099999999968 0.00000000099999999968 0.00000000099999999968 0.00000000099999999968 0.71574194936844959258 
0.31908720995924966246 0.00000000099999999995 0.02049129783102016447 0.00000000099999999995 0.00000000099999999995 0.00000000099999999995 0.00000000099999999995 0.03388007069091746731 0.62654141651881245512 
0.20406561033517903181 0.00000000099999999979 0.00000000099999999979 0.00000000099999999979 0.00000000099999999979 0.00000000099999999979 0.00000000099999999979 0.00000000099999999979 0.79593438266482097188 
0.59311168674605185824 0.00000000099999999985 0.00000000099999999985 0.00000000099999999985 0.00000000099999999985 0.00000000099999999985 0.00000000099999999985 0.00000000099999999985 0.40688830625394833973 
0.21207375288493657273 0.00000000099999999993 0.00000000099999999993 0.00000000099999999993 0.00000000099999999993 0.00000000099999999993 0.00000000099999999993 0.03851258064708359269 0.74941366046797996958 
0.58172658457146908528 0.00000000099999999978 0.00000000099999999978 0.00000000099999999978 0.00000000099999999978 0.00000000099999999978 0.00000000099999999978 0.01847265551435810574 0.39980075391417285724 
0.18693473664375620524 0.00000000099999999986 0.00000000099999999986 0.00000000099999999986 0.00000000099999999986 0.00000000099999999986 0.00530920840594077594 0.00000000099999999986 0.80775604895030295172 
0.99999999200000022626 0.00000000099999999966 0.00000000099999999966 0.00000000099999999966 0.00000000099999999966 0.00000000099999999966 0.00000000099999999966 0.00000000099999999966 0.00000000099999999966 
0.23052020072193576961 0.00000000099999999986 0.00000000099999999986 0.00000000099999999986 0.00000000099999999986 0.00000000099999999986 0.00000000099999999986 0.00000000099999999986 0.76947979227806428959 
0.70593192982274932668 0.00000000099999999986 0.00000000099999999986 0.00000000099999999986 0.00000000099999999986 0.00000000099999999986 0.00000000099999999986 0.00000000099999999986 0.29406806317725070476 
0.66723995390460744126 0.00000000099999999980 0.00000000099999999980 0.00000000099999999980 0.00000000099999999980 0.00000000099999999980 0.00000000099999999980 0.00058846451560011081 0.33217157557979259952 
0.99999999200000022626 0.00000000099999999955 0.00000000099999999955 0.00000000099999999955 0.00000000099999999955 0.00000000099999999955 0.00000000099999999955 0.00000000099999999955 0.00000000099999999955 
0.95118281884003164084 0.00000000099999999973 0.00000000099999999973 0.00000000099999999973 0.00000000099999999973 0.00000000099999999973 0.00000000099999999973 0.00000000099999999973 0.04881717415996864734 
0.99999999200000011523 0.00000000099999999953 0.00000000099999999953 0.00000000099999999953 0.00000000099999999953 0.00000000099999999953 0.00000000099999999953 0.00000000099999999953 0.00000000099999999953 
0.21798619878189687271 0.00000000099999999994 0.00000000099999999994 0.00000116940271248967 0.05059052896764169166 0.00000000099999999994 0.00000000099999999994 0.00000000099999999994 0.73142209784774891990 
0.99999999200000011523 0.00000000099999999977 0.00000000099999999977 0.00000000099999999977 0.00000000099999999977 0.00000000099999999977 0.00000000099999999977 0.00000000099999999977 0.00000000099999999977 
0.34771174689652184497 0.00000000099999999989 0.00000000099999999989 0.00000000099999999989 0.00000000099999999989 0.00000000099999999989 0.00000000099999999989 0.03497508238949815357 0.61731316471397967849 
0.00000000099999999959 0.00000000099999999959 0.00000000099999999959 0.00000000099999999959 0.00000000099999999959 0.00000000099999999959 0.00000000099999999959 0.00000000099999999959 0.99999999200000000421 
0.00000000823043838730 0.00000000099999999971 0.00000000099999999971 0.00000000099999999971 0.00000000099999999971 0.00000000099999999971 0.00000000099999999971 0.00000000099999999971 0.99999998476956164506 
0.05938901990405712900 0.00000000099999999970 0.00000000099999999970 0.00000000099999999970 0.00000000099999999970 0.00000000099999999970 0.00000000099999999970 0.00000000099999999970 0.94061097309594288163 
0.00000000099999999966 0.00000000099999999966 0.00000000099999999966 0.00000000099999999966 0.00000000099999999966 0.00000000099999999966 0.00000000099999999966 0.00000000099999999966 0.99999999199999989319 
0.18560103611747949537 0.00000000099999999978 0.00000000099999999978 0.00000000099999999978 0.00000000099999999978 0.00000000099999999978 0.00000000099999999978 0.00000000099999999978 0.81439895688252050832 
0.09654152686150092866 0.00000000099999999980 0.00000000099999999980 0.00000000099999999980 0.00000000099999999980 0.00000000099999999980 0.00000000099999999980 0.00000000099999999980 0.90345846613849911666 
0.00000000099999999962 0.00000000099999999962 0.00000000099999999962 0.00000000099999999962 0.00000000099999999962 0.00000000099999999962 0.00000000099999999962 0.00000000099999999962 0.99999999200000000421 
0.12930071000176682205 0.00000000099999999994 0.00000000099999999994 0.02578321859722435688 0.00000000099999999994 0.00000000099999999994 0.00000000099999999994 0.00000000099999999994 0.84491606540100894218 
0.00000000099999999956 0.00000000099999999956 0.00000000099999999956 0.00000000099999999956 0.00000000099999999956 0.00000000099999999956 0.00000000099999999956 0.00000000099999999956 0.99999999200000000421 
0.79712808368313892160 0.00000000099999999968 0.00000000099999999968 0.00000000099999999968 0.00000000099999999968 0.00000000099999999968 0.00000000099999999968 0.00000000099999999968 0.20287190931686138740 
0.00000000099999999968 0.00000000099999999968 0.00000000099999999968 0.00000000099999999968 0.00000000099999999968 0.00000000099999999968 0.00000000099999999968 0.00000000099999999968 0.99999999199999989319 
0.15335008347749684576 0.00000000099999999972 0.00000000099999999972 0.00000000099999999972 0.00000000099999999972 0.00000000099999999972 0.00000000099999999972 0.00000000099999999972 0.84664990952250307465 
0.20737079744372344248 0.00000000099999999978 0.00000000099999999978 0.00000000099999999978 0.00000000099999999978 0.00000000099999999978 0.00000000099999999978 0.00000000099999999978 0.79262919555627664447 
0.00000000099999999997 0.00000000099999999997 0.27775277931686981336 0.04016027169499764016 0.18906299423257574843 0.34690565731138778283 0.11499154426380947536 0.00416387478280517021 0.02696287639755432300 
0.00000000099999999988 0.00000000099999999988 0.15154089861109990012 0.06640713247200341618 0.18348288981113825002 0.50309452207865623663 0.09547455302710221303 0.00000000099999999988 0.00000000099999999988 
0.01269527863404012850 0.00000000099999999994 0.19088518220031652772 0.01243246388323266012 0.16117159696684243975 0.42287588983570956191 0.19993958547985857255 0.00000000099999999994 0.00000000099999999994 
0.00000000099999999984 0.00000000099999999984 0.08830825687215249076 0.03078994332825626262 0.34309833816316931410 0.42055378333170834182 0.11724967430471369689 0.00000000099999999984 0.00000000099999999984 
0.01868291130034244185 0.00000000099999999998 0.11971303630785663785 0.03043511124333330223 0.16349789567685305003 0.49290263431098202407 0.07301757966198546557 0.00000000099999999998 0.10175082949864694415 
0.00000000099999999991 0.00000000099999999991 0.13685132023497170728 0.04008364928602520250 0.18007766214456397136 0.45597329970229666385 0.14526741379067972804 0.00000000099999999991 0.04174665184146280489 
0.00000000099999999995 0.00000000099999999995 0.17387565546340777445 0.02879032143868878735 0.21494229864740713176 0.45412708735482393285 0.09695452866776516077 0.00000000099999999995 0.03131010542790730461 
0.02669574071045174510 0.00000000099999999996 0.18206114184916249998 0.00000000099999999996 0.13604571493439354679 0.47927038288193707372 0.17592701562405518856 0.00000000099999999996 0.00000000099999999996 
0.00000000099999999978 0.00000000099999999978 0.04763395217429925582 0.00016416494826239800 0.19129199615002118184 0.71411099954537060608 0.04679888318204655090 0.00000000099999999978 0.00000000099999999978 
0.00000000099999999974 0.00000000099999999974 0.03916361128698054445 0.00000000099999999974 0.20930873979925046502 0.68209721758734898067 0.06943042632642000556 0.00000000099999999974 0.00000000099999999974 
0.00000000099999999988 0.00000000099999999988 0.04279007120310792528 0.00000000099999999988 0.12684505959169245504 0.66397498591423365077 0.16638987829096582582 0.00000000099999999988 0.00000000099999999988 
0.00000000099999999984 0.00000000099999999984 0.01821769058506011660 0.00000000099999999984 0.17547512356096081620 0.73000654099569939337 0.07630063985827956197 0.00000000099999999984 0.00000000099999999984 
0.00000000099999999996 0.00000000099999999996 0.07357286681765706771 0.00000892841696152451 0.20800095914446892209 0.53801569465281307014 0.12182797406900006121 0.00000000099999999996 0.05857357389909929185 
0.00000000099999999974 0.00000000099999999974 0.00000000099999999974 0.00000000099999999974 0.22160386237970541856 0.64794422592825595686 0.13045190569203857223 0.00000000099999999974 0.00000000099999999974 
0.00000000099999999993 0.00000000099999999993 0.12843800323166401633 0.02467824687707576709 0.21307553607125598316 0.49358972009643808931 0.11644387457012903009 0.00000000099999999993 0.02377461615343718498 
0.00000000099999999990 0.00000000099999999990 0.03803373807445997734 0.02007907973740816893 0.17909461325260103703 0.60400098526273604538 0.11672869503327162888 0.00000000099999999990 0.04206288563952332443 
0.00000000099999999968 0.00000000099999999968 0.00000000099999999968 0.00000000099999999968 0.20267750870377951311 0.65030500756625631009 0.14701747772996409669 0.00000000099999999968 0.00000000099999999968 
0.00000000099999999987 0.00000000099999999987 0.14875756431995729168 0.00989391199935437705 0.15045486750971995282 0.52546872223106988464 0.16542492993989849071 0.00000000099999999987 0.00000000099999999987 
0.00000000099999999982 0.00000000099999999982 0.07600453443918647745 0.02414180795860643158 0.13959564608264263263 0.57868544172325553365 0.18157256579630901006 0.00000000099999999982 0.00000000099999999982 
0.00000000099999999976 0.00000000099999999976 0.08195569013010865766 0.00804989377186319209 0.15611275976463259707 0.61513499960777351383 0.13874665272562200502 0.00000000099999999976 0.00000000099999999976 
0.00000000099999999934 0.00000000099999999934 0.99999999200000011523 0.00000000099999999934 0.00000000099999999934 0.00000000099999999934 0.00000000099999999934 0.00000000099999999934 0.00000000099999999934 
0.00000000099999999927 0.00000000099999999927 0.99999999200000011523 0.00000000099999999927 0.00000000099999999927 0.00000000099999999927 0.00000000099999999927 0.00000000099999999927 0.00000000099999999927 
0.00000000099999999957 0.00000000099999999957 0.99999999200000011523 0.00000000099999999957 0.00000000099999999957 0.00000000099999999957 0.00000000099999999957 0.00000000099999999957 0.00000000099999999957 
0.00000000099999999953 0.00000000099999999953 0.95892019645901072078 0.00000000099999999953 0.04107979654098926903 0.00000000099999999953 0.00000000099999999953 0.00000000099999999953 0.00000000099999999953 
0.00000000099999999975 0.00000000099999999975 0.80719784100085301137 0.00000000099999999975 0.14751221148373899750 0.00000000099999999975 0.04528994151540806368 0.00000000099999999975 0.00000000099999999975 
0.00000000099999999933 0.00000000099999999933 0.99999999200000011523 0.00000000099999999933 0.00000000099999999933 0.00000000099999999933 0.00000000099999999933 0.00000000099999999933 0.00000000099999999933 
0.00000000099999999957 0.00000000099999999957 0.89923907255748136702 0.00000000099999999957 0.10076092044251867830 0.00000000099999999957 0.00000000099999999957 0.00000000099999999957 0.00000000099999999957 
0.00000000099999999928 0.00000000099999999928 0.99999999200000000421 0.00000000099999999928 0.00000000099999999928 0.00000000099999999928 0.00000000099999999928 0.00000000099999999928 0.00000000099999999928 
0.00000000099999999952 0.00000000099999999952 0.99999999200000011523 0.00000000099999999952 0.00000000099999999952 0.00000000099999999952 0.00000000099999999952 0.00000000099999999952 0.00000000099999999952 
0.00000000099999999935 0.00000000099999999935 0.99999999200000000421 0.00000000099999999935 0.00000000099999999935 0.00000000099999999935 0.00000000099999999935 0.00000000099999999935 0.00000000099999999935 
0.00000000099999999939 0.00000000099999999939 0.99999999200000011523 0.00000000099999999939 0.00000000099999999939 0.00000000099999999939 0.00000000099999999939 0.00000000099999999939 0.00000000099999999939 
0.00000000099999999963 0.00000000099999999963 0.99999999200000011523 0.00000000099999999963 0.00000000099999999963 0.00000000099999999963 0.00000000099999999963 0.00000000099999999963 0.00000000099999999963 
0.00000000099999999932 0.00000000099999999932 0.99999999200000000421 0.00000000099999999932 0.00000000099999999932 0.00000000099999999932 0.00000000099999999932 0.00000000099999999932 0.00000000099999999932 
0.00000000099999999975 0.00000000099999999975 0.75846123333842929704 0.00000000099999999975 0.06920043008867568513 0.12186928787512373018 0.05046904369777130417 0.00000000099999999975 0.00000000099999999975 
0.00000000099999999971 0.00000000099999999971 0.95808284620442740742 0.00000000099999999971 0.04189914469250832774 0.00001800310306416516 0.00000000099999999971 0.00000000099999999971 0.00000000099999999971 
0.00000000099999999947 0.00000000099999999947 0.99999999200000000421 0.00000000099999999947 0.00000000099999999947 0.00000000099999999947 0.00000000099999999947 0.00000000099999999947 0.00000000099999999947 
0.00000000099999999919 0.00000000099999999919 0.99999999200000011523 0.00000000099999999919 0.00000000099999999919 0.00000000099999999919 0.00000000099999999919 0.00000000099999999919 0.00000000099999999919 
0.00000000099999999928 0.00000000099999999928 0.99999999200000011523 0.00000000099999999928 0.00000000099999999928 0.00000000099999999928 0.00000000099999999928 0.00000000099999999928 0.00000000099999999928 
0.00000000099999999954 0.00000000099999999954 0.99999999200000011523 0.00000000099999999954 0.00000000099999999954 0.00000000099999999954 0.00000000099999999954 0.00000000099999999954 0.00000000099999999954 
0.00000000099999999984 0.00000000099999999984 0.88055684223031860380 0.00000000099999999984 0.00000455001376483874 0.11943860175591650141 0.00000000099999999984 0.00000000099999999984 0.00000000099999999984 
0.00000000099999999924 0.00000000099999999924 0.00000000099999999924 0.00000000099999999924 0.00000000099999999924 0.00000000099999999924 0.99999999199999989319 0.00000000099999999924 0.00000000099999999924 
0.00000000099999999923 0.00000000099999999923 0.00000000099999999923 0.00000000099999999923 0.00000000099999999923 0.00000000099999999923 0.99999999200000000421 0.00000000099999999923 0.00000000099999999923 
0.00000000099999999923 0.00000000099999999923 0.00000000099999999923 0.00000000099999999923 0.00000000099999999923 0.00000000099999999923 0.99999999200000000421 0.00000000099999999923 0.00000000099999999923 
0.00000000099999999920 0.00000000099999999920 0.00000000099999999920 0.00000000099999999920 0.99999999200000011523 0.00000000099999999920 0.00000000099999999920 0.00000000099999999920 0.00000000099999999920 
0.00000000099999999971 0.00000000099999999971 0.06005127378878990368 0.00000000099999999971 0.77411677569450643155 0.00000000099999999971 0.16583194451670366099 0.00000000099999999971 0.00000000099999999971 
0.00000000099999999920 0.00000000099999999920 0.00000000099999999920 0.00000000099999999920 0.99999999200000011523 0.00000000099999999920 0.00000000099999999920 0.00000000099999999920 0.00000000099999999920 
0.00000000099999999962 0.00000000099999999962 0.00000000099999999962 0.00000000099999999962 0.99999999200000000421 0.00000000099999999962 0.00000000099999999962 0.00000000099999999962 0.00000000099999999962 
0.00000000099999999928 0.00000000099999999928 0.00000000099999999928 0.00000000099999999928 0.99999999200000000421 0.00000000099999999928 0.00000000099999999928 0.00000000099999999928 0.00000000099999999928 
0.00000000099999999944 0.00000000099999999944 0.00000000099999999944 0.00000000099999999944 0.99999999200000000421 0.00000000099999999944 0.00000000099999999944 0.00000000099999999944 0.00000000099999999944 
0.00000000099999999953 0.00000000099999999953 0.00000000099999999953 0.00000000099999999953 0.99999999200000011523 0.00000000099999999953 0.00000000099999999953 0.00000000099999999953 0.00000000099999999953 
0.00000000099999999925 0.00000000099999999925 0.00000000099999999925 0.00000000099999999925 0.99999999200000011523 0.00000000099999999925 0.00000000099999999925 0.00000000099999999925 0.00000000099999999925 
0.00000000099999999919 0.00000000099999999919 0.00000000099999999919 0.00000000099999999919 0.99999999200000011523 0.00000000099999999919 0.00000000099999999919 0.00000000099999999919 0.00000000099999999919 
0.00000000099999999954 0.00000000099999999954 0.00000000099999999954 0.00000000099999999954 0.99999999200000000421 0.00000000099999999954 0.00000000099999999954 0.00000000099999999954 0.00000000099999999954 
0.00000000099999999925 0.00000000099999999925 0.00000000099999999925 0.00000000099999999925 0.99999999200000000421 0.00000000099999999925 0.00000000099999999925 0.00000000099999999925 0.00000000099999999925 
0.00000000099999999942 0.00000000099999999942 0.00000000099999999942 0.00000000099999999942 0.99999999200000000421 0.00000000099999999942 0.00000000099999999942 0.00000000099999999942 0.00000000099999999942 
