0.06318884644003130990 0.90835816302919014653 0.00000000099999999987 0.00000000099999999987 0.02845298653077874690 0.00000000099999999987 0.00000000099999999987 
0.02841014996008291160 0.95508888491074805938 0.00000000099999999990 0.00000000099999999990 0.01650096112916910052 0.00000000099999999990 0.00000000099999999990 
0.07200658198347965888 0.89187368444987202842 0.00000000099999999986 0.00000000099999999986 0.03611972956664846052 0.00000000099999999986 0.00000000099999999986 
0.05266891877377184034 0.82084549761448188931 0.00180072718959169045 0.00000000099999999996 0.12468485342215450407 0.00000000099999999996 0.00000000099999999996 
0.00000000099999999977 0.30710290674657680920 0.00000000099999999977 0.00000000099999999977 0.69289708825342311016 0.00000000099999999977 0.00000000099999999977 
0.00000000099999999980 0.30217306356971029846 0.00000000099999999980 0.00000000099999999980 0.69782693143028962091 0.00000000099999999980 0.00000000099999999980 
0.00000000099999999947 0.00000000099999999947 0.00000000099999999947 0.00000000099999999947 0.99999999400000005867 0.00000000099999999947 0.00000000099999999947 
0.00000000099999999939 0.00000000099999999939 0.00000000099999999939 0.00000000099999999939 0.99999999400000005867 0.00000000099999999939 0.00000000099999999939 
0.00907003531523985565 0.27651317818020232364 0.00000000099999999980 0.00000000099999999980 0.71441678250455775689 0.00000000099999999980 0.00000000099999999980 
0.02581565982924632213 0.86400525206940836931 0.00691434645769791606 0.00000000099999999993 0.10326473864364740796 0.00000000099999999993 0.00000000099999999993 
0.00000000099999999950 0.00000000099999999950 0.00000000099999999950 0.00000000099999999950 0.99999999399999994765 0.00000000099999999950 0.00000000099999999950 
0.05210103495124877859 0.91636547513010868649 0.00000000099999999986 0.00000000099999999986 0.03153348591864274519 0.00000000099999999986 0.00000000099999999986 
0.00000000099999999951 0.00000000099999999951 0.00000000099999999951 0.00000000099999999951 0.99999999400000005867 0.00000000099999999951 0.00000000099999999951 
0.00000000099999999945 0.00000000099999999945 0.00000000099999999945 0.00000000099999999945 0.99999999399999994765 0.00000000099999999945 0.00000000099999999945 
0.00000000099999999945 0.00000000099999999945 0.00000000099999999945 0.00000000099999999945 0.99999999399999994765 0.00000000099999999945 0.00000000099999999945 
0.00000000099999999943 0.00000000099999999943 0.00000000099999999943 0.00000000099999999943 0.99999999399999994765 0.00000000099999999943 0.00000000099999999943 
0.00000000099999999944 0.00000000099999999944 0.00000000099999999944 0.00000000099999999944 0.99999999400000005867 0.00000000099999999944 0.00000000099999999944 
0.00000000099999999949 0.00000000099999999949 0.00000000099999999949 0.00000000099999999949 0.99999999399999994765 0.00000000099999999949 0.00000000099999999949 
0.00564196908085473972 0.93459794795057171690 0.00000000099999999987 0.00000000099999999987 0.05976007896857365997 0.00000000099999999987 0.00000000099999999987 
0.00000000099999999953 0.00000000099999999953 0.00000000099999999953 0.00000000099999999953 0.99999999399999994765 0.00000000099999999953 0.00000000099999999953 
0.00000000099999999935 0.00000000099999999935 0.00000000099999999935 0.99999999400000005867 0.00000000099999999935 0.00000000099999999935 0.00000000099999999935 
0.00000000099999999947 0.00000000099999999947 0.00000000099999999947 0.99999999399999994765 0.00000000099999999947 0.00000000099999999947 0.00000000099999999947 
0.00000000099999999939 0.00000000099999999939 0.00000000099999999939 0.99999999399999994765 0.00000000099999999939 0.00000000099999999939 0.00000000099999999939 
0.00000000099999999980 0.00000000099999999980 0.00000000099999999980 0.99999999399999994765 0.00000000099999999980 0.00000000099999999980 0.00000000099999999980 
0.00006981495308782504 0.00000000099999999987 0.00000000099999999987 0.99993010766780276999 0.00000007337910936756 0.00000000099999999987 0.00000000099999999987 
0.00000000099999999985 0.00000000099999999985 0.00000000099999999985 0.99997399337258674468 0.00002600162741327896 0.00000000099999999985 0.00000000099999999985 
0.00000000099999999941 0.00000000099999999941 0.00000000099999999941 0.99999999399999994765 0.00000000099999999941 0.00000000099999999941 0.00000000099999999941 
0.00000000099999999947 0.00000000099999999947 0.00000000099999999947 0.99999999399999994765 0.00000000099999999947 0.00000000099999999947 0.00000000099999999947 
0.00000000099999999944 0.00000000099999999944 0.00000000099999999944 0.99999999399999994765 0.00000000099999999944 0.00000000099999999944 0.00000000099999999944 
0.00000000099999999945 0.00000000099999999945 0.00000000099999999945 0.99999999399999994765 0.00000000099999999945 0.00000000099999999945 0.00000000099999999945 
0.00000000099999999942 0.00000000099999999942 0.00000000099999999942 0.99999999399999994765 0.00000000099999999942 0.00000000099999999942 0.00000000099999999942 
0.00000000099999999946 0.00000000099999999946 0.00000000099999999946 0.99999999400000005867 0.00000000099999999946 0.00000000099999999946 0.00000000099999999946 
0.00247664409676946100 0.01602218531109404417 0.00000000099999999991 0.97987064335576434804 0.00163052423637217569 0.00000000099999999991 0.00000000099999999991 
0.00000000099999999977 0.00000000099999999977 0.00000000099999999977 0.99999999400000005867 0.00000000099999999977 0.00000000099999999977 0.00000000099999999977 
0.00000000099999999981 0.00000000099999999981 0.00000000099999999981 0.99999999400000005867 0.00000000099999999981 0.00000000099999999981 0.00000000099999999981 
0.00000000099999999975 0.00000000099999999975 0.00000000099999999975 0.99999999399999994765 0.00000000099999999975 0.00000000099999999975 0.00000000099999999975 
0.00000000099999999981 0.00000000099999999981 0.00000000099999999981 0.99999999400000005867 0.00000000099999999981 0.00000000099999999981 0.00000000099999999981 
0.00000000099999999984 0.00000000099999999984 0.00000000099999999984 0.99999999400000005867 0.00000000099999999984 0.00000000099999999984 0.00000000099999999984 
0.00000000099999999944 0.00000000099999999944 0.00000000099999999944 0.99999999399999994765 0.00000000099999999944 0.00000000099999999944 0.00000000099999999944 
0.00000000099999999979 0.00000000099999999979 0.00000000099999999979 0.99999999399999994765 0.00000000099999999979 0.00000000099999999979 0.00000000099999999979 
0.00000000099999999945 0.00000000099999999945 0.00000000099999999945 0.99999999400000005867 0.00000000099999999945 0.00000000099999999945 0.00000000099999999945 
0.00000000099999999984 0.00000000099999999984 0.00000000099999999984 0.99999999400000005867 0.00000000099999999984 0.00000000099999999984 0.00000000099999999984 
0.00000000099999999945 0.00000000099999999945 0.00000000099999999945 0.99999999400000005867 0.00000000099999999945 0.00000000099999999945 0.00000000099999999945 
0.00000000099999999966 0.00000000099999999966 0.00000000099999999966 0.99999999399999994765 0.00000000099999999966 0.00000000099999999966 0.00000000099999999966 
0.00000000099999999937 0.00000000099999999937 0.00000000099999999937 0.99999999399999994765 0.00000000099999999937 0.00000000099999999937 0.00000000099999999937 
0.00000000099999999988 0.00000000099999999988 0.00000000099999999988 0.99999999399999994765 0.00000000099999999988 0.00000000099999999988 0.00000000099999999988 
0.00000000099999999939 0.00000000099999999939 0.00000000099999999939 0.99999999399999994765 0.00000000099999999939 0.00000000099999999939 0.00000000099999999939 
0.00000000099999999947 0.00000000099999999947 0.00000000099999999947 0.99999999400000005867 0.00000000099999999947 0.00000000099999999947 0.00000000099999999947 
0.00000000099999999941 0.00000000099999999941 0.00000000099999999941 0.99999999400000005867 0.00000000099999999941 0.00000000099999999941 0.00000000099999999941 
0.00000000099999999945 0.00000000099999999945 0.00000000099999999945 0.99999999400000005867 0.00000000099999999945 0.00000000099999999945 0.00000000099999999945 
0.00000000099999999956 0.00000000099999999956 0.00000000099999999956 0.99999999399999994765 0.00000000099999999956 0.00000000099999999956 0.00000000099999999956 
0.00000000099999999950 0.00000000099999999950 0.00000000099999999950 0.99999999400000005867 0.00000000099999999950 0.00000000099999999950 0.00000000099999999950 
0.00000000099999999952 0.00000000099999999952 0.00000000099999999952 0.99999999399999994765 0.00000000099999999952 0.00000000099999999952 0.00000000099999999952 
0.00000000099999999977 0.00000000099999999977 0.00000000099999999977 0.99999999400000005867 0.00000000099999999977 0.00000000099999999977 0.00000000099999999977 
0.00102948845687041678 0.00000000099999999968 0.00000000099999999968 0.99897050654312968820 0.00000000099999999968 0.00000000099999999968 0.00000000099999999968 
0.00000000099999999949 0.00000000099999999949 0.00000000099999999949 0.99999999400000005867 0.00000000099999999949 0.00000000099999999949 0.00000000099999999949 
0.00000000099999999948 0.00000000099999999948 0.00000000099999999948 0.99999999400000005867 0.00000000099999999948 0.00000000099999999948 0.00000000099999999948 
0.00000000099999999950 0.00000000099999999950 0.00000000099999999950 0.99999999399999994765 0.00000000099999999950 0.00000000099999999950 0.00000000099999999950 
0.07672778137460121994 0.83023105745994585369 0.00000000099999999996 0.00000000099999999996 0.09304115716545295622 0.00000000099999999996 0.00000000099999999996 
0.05463835031880977938 0.75662028573287409827 0.00212049579809467023 0.00000000099999999999 0.17605457782859462723 0.01056628832162690400 0.00000000099999999999 
0.00000000099999999989 0.99999999400000005867 0.00000000099999999989 0.00000000099999999989 0.00000000099999999989 0.00000000099999999989 0.00000000099999999989 
0.02825791197291693119 0.86053123714625900931 0.01542829554360574708 0.00313980648545437134 0.09264274685176407398 0.00000000099999999996 0.00000000099999999996 
0.03329267499434025723 0.90843533114441998855 0.01326315428301584436 0.00000000099999999994 0.04500883657822409012 0.00000000099999999994 0.00000000099999999994 
0.01889524259003752191 0.87314246753955526703 0.02736573392792951073 0.01335044839190953521 0.06724610555056814709 0.00000000099999999998 0.00000000099999999998 
0.00000000099999999979 0.99999999400000016969 0.00000000099999999979 0.00000000099999999979 0.00000000099999999979 0.00000000099999999979 0.00000000099999999979 
0.00000000099999999979 0.99999999400000016969 0.00000000099999999979 0.00000000099999999979 0.00000000099999999979 0.00000000099999999979 0.00000000099999999979 
0.02549543143239687074 0.78529183691531390110 0.00000000100000000000 0.03463127815798892201 0.12941454619282677374 0.02516690315554322849 0.00000000314593040439 
0.00343557805207829426 0.85898757565073879938 0.00000000099999999996 0.00000000099999999996 0.12295300463370756328 0.00000000099999999996 0.01462383866347539974 
0.08309176158206502127 0.80857768576332844646 0.00000000099999999995 0.00000001821149897738 0.10833053144310746119 0.00000000099999999995 0.00000000099999999995 
0.06276614965843417548 0.84562934117282007040 0.00739477167366171632 0.00000000099999999999 0.08420947049431623532 0.00000026500076773437 0.00000000099999999999 
0.04867358079373480806 0.74082519473941244037 0.04888241496789819118 0.00560560076561854650 0.15306665607188896239 0.00000000099999999999 0.00294655166144714657 
0.00000000099999999983 0.99999999400000005867 0.00000000099999999983 0.00000000099999999983 0.00000000099999999983 0.00000000099999999983 0.00000000099999999983 
0.00000000099999999977 0.99999999400000005867 0.00000000099999999977 0.00000000099999999977 0.00000000099999999977 0.00000000099999999977 0.00000000099999999977 
0.00000000099999999977 0.99999999400000016969 0.00000000099999999977 0.00000000099999999977 0.00000000099999999977 0.00000000099999999977 0.00000000099999999977 
0.00000000099999999983 0.99999999400000016969 0.00000000099999999983 0.00000000099999999983 0.00000000099999999983 0.00000000099999999983 0.00000000099999999983 
0.00000000099999999979 0.99999999400000016969 0.00000000099999999979 0.00000000099999999979 0.00000000099999999979 0.00000000099999999979 0.00000000099999999979 
0.99999999400000005867 0.00000000099999999944 0.00000000099999999944 0.00000000099999999944 0.00000000099999999944 0.00000000099999999944 0.00000000099999999944 
0.99999999400000016969 0.00000000099999999943 0.00000000099999999943 0.00000000099999999943 0.00000000099999999943 0.00000000099999999943 0.00000000099999999943 
0.99999999400000005867 0.00000000099999999943 0.00000000099999999943 0.00000000099999999943 0.00000000099999999943 0.00000000099999999943 0.00000000099999999943 
0.99999999400000005867 0.00000000099999999943 0.00000000099999999943 0.00000000099999999943 0.00000000099999999943 0.00000000099999999943 0.00000000099999999943 
0.99999999400000016969 0.00000000099999999944 0.00000000099999999944 0.00000000099999999944 0.00000000099999999944 0.00000000099999999944 0.00000000099999999944 
0.99999999400000005867 0.00000000099999999942 0.00000000099999999942 0.00000000099999999942 0.00000000099999999942 0.00000000099999999942 0.00000000099999999942 
0.99999999400000005867 0.00000000099999999944 0.00000000099999999944 0.00000000099999999944 0.00000000099999999944 0.00000000099999999944 0.00000000099999999944 
0.99999999400000016969 0.00000000099999999938 0.00000000099999999938 0.00000000099999999938 0.00000000099999999938 0.00000000099999999938 0.00000000099999999938 
0.99999999400000005867 0.00000000099999999953 0.00000000099999999953 0.00000000099999999953 0.00000000099999999953 0.00000000099999999953 0.00000000099999999953 
0.99999999400000016969 0.00000000099999999940 0.00000000099999999940 0.00000000099999999940 0.00000000099999999940 0.00000000099999999940 0.00000000099999999940 
0.81095878329310355781 0.00000000099999999975 0.00000000099999999975 0.18904121170689647258 0.00000000099999999975 0.00000000099999999975 0.00000000099999999975 
0.99999999400000005867 0.00000000099999999959 0.00000000099999999959 0.00000000099999999959 0.00000000099999999959 0.00000000099999999959 0.00000000099999999959 
0.99999999400000005867 0.00000000099999999954 0.00000000099999999954 0.00000000099999999954 0.00000000099999999954 0.00000000099999999954 0.00000000099999999954 
0.99999999400000016969 0.00000000099999999949 0.00000000099999999949 0.00000000099999999949 0.00000000099999999949 0.00000000099999999949 0.00000000099999999949 
0.00673452853835796676 0.01636969332834946333 0.07810595761328699427 0.00000000099999999997 0.00000000099999999997 0.70611906055865536480 0.19267075796135019194 
0.00000000099999999972 0.00000000099999999972 0.01828293638877879351 0.00000000099999999972 0.00000000099999999972 0.93638825821818627571 0.04532880139303493983 
0.00000000099999999976 0.00000000099999999976 0.00000000099999999976 0.00000000099999999976 0.00000000099999999976 0.96227855499522663152 0.03772144000477350989 
0.00000000099999999997 0.00378091207803556454 0.07420658893772737186 0.00612516960540040317 0.00000000099999999997 0.76082351023997940587 0.15506381713885722395 
0.00000000099999999970 0.00000000099999999970 0.00000000099999999970 0.00000000099999999970 0.00000000099999999970 0.99999998596787864624 0.00000000903212133301 
0.00000000099999999980 0.00000000099999999980 0.00000000099999999980 0.00000000099999999980 0.00000000099999999980 0.99999788955511703659 0.00000210544488299272 
0.00602616878580087070 0.00000000099999999994 0.04890843218372533524 0.00000000099999999994 0.00000000099999999994 0.74283892512495564020 0.20222647090551823523 
0.00215233060883885004 0.00000000184797293047 0.06520133346755295489 0.00000000099999999995 0.00000000099999999995 0.68860550319904312300 0.24404082887659203638 
0.00000000099999999978 0.00000000099999999978 0.00000002505414565217 0.00000000099999999978 0.00000000099999999978 0.99999996994585427235 0.00000000099999999978 
0.00000000099999999988 0.00000000099999999988 0.04632247346306550551 0.00000000099999999988 0.00000000099999999988 0.76862483659348235232 0.18505268594345217203 
0.00000000099999999987 0.00000000099999999987 0.09539987459370716238 0.00000000099999999987 0.00000000099999999987 0.74472502750309843567 0.15987509390319443181 
0.00000000099999999974 0.00000000099999999974 0.00000000099999999974 0.00000000099999999974 0.00000000099999999974 0.99999999399999994765 0.00000000099999999974 
0.00000000099999999995 0.00000000099999999995 0.00000000099999999995 0.00000000099999999995 0.00455655384675824563 0.92997187622074095614 0.06547156593250093304 
0.00000000099999999973 0.00000000099999999973 0.00000000099999999973 0.00000000099999999973 0.00000000099999999973 0.99999999399999994765 0.00000000099999999973 
0.00000000099999999990 0.00000000099999999990 0.05000212812936733614 0.00000000099999999990 0.00000000099999999990 0.68024086375808434646 0.26975700411254821542 
0.00000000099999999973 0.00000000099999999973 0.00000000099999999973 0.00000000099999999973 0.00000000099999999973 0.99999999400000005867 0.00000000099999999973 
0.00000000099999999977 0.00000000099999999977 0.00000000099999999977 0.00000000099999999977 0.00000000099999999977 0.99999999399999994765 0.00000000099999999977 
0.00000000099999999974 0.00000000099999999974 0.00000000099999999974 0.00000000099999999974 0.00000000099999999974 0.99999999399999994765 0.00000000099999999974 
0.00000000099999999970 0.00000000099999999970 0.00000000099999999970 0.00000000099999999970 0.00000000099999999970 0.99999999399999994765 0.00000000099999999970 
0.00000000099999999975 0.00000000099999999975 0.00000000099999999975 0.00000000099999999975 0.00000000099999999975 0.99999999399999994765 0.00000000099999999975 
0.00000000099999999941 0.00000000099999999941 0.99999999399999994765 0.00000000099999999941 0.00000000099999999941 0.00000000099999999941 0.00000000099999999941 
0.00000000099999999943 0.00000000099999999943 0.99999999400000005867 0.00000000099999999943 0.00000000099999999943 0.00000000099999999943 0.00000000099999999943 
0.01739328131305209815 0.00000000099999999991 0.74062472490611996889 0.00000000099999999991 0.00000000099999999991 0.23447753122691489258 0.00750445955391310267 
0.00000000099999999957 0.00000000099999999957 0.99999999399999994765 0.00000000099999999957 0.00000000099999999957 0.00000000099999999957 0.00000000099999999957 
0.00000000099999999939 0.00000000099999999939 0.99999999400000005867 0.00000000099999999939 0.00000000099999999939 0.00000000099999999939 0.00000000099999999939 
0.00000000099999999944 0.00000000099999999944 0.99999999399999994765 0.00000000099999999944 0.00000000099999999944 0.00000000099999999944 0.00000000099999999944 
0.00000000099999999947 0.00000000099999999947 0.99999999400000005867 0.00000000099999999947 0.00000000099999999947 0.00000000099999999947 0.00000000099999999947 
0.00000000099999999941 0.00000000099999999941 0.99999999400000005867 0.00000000099999999941 0.00000000099999999941 0.00000000099999999941 0.00000000099999999941 
0.00000000099999999944 0.00000000099999999944 0.99999999400000005867 0.00000000099999999944 0.00000000099999999944 0.00000000099999999944 0.00000000099999999944 
0.03112934407709585030 0.00000000099999999996 0.71875833391564525332 0.00000000099999999996 0.00000000099999999996 0.19113023679818702538 0.05898208220907191074 
0.00000000099999999945 0.00000000099999999945 0.99999999399999994765 0.00000000099999999945 0.00000000099999999945 0.00000000099999999945 0.00000000099999999945 
0.00000000099999999948 0.00000000099999999948 0.99999999399999994765 0.00000000099999999948 0.00000000099999999948 0.00000000099999999948 0.00000000099999999948 
0.00000000099999999954 0.00000000099999999954 0.99999999399999994765 0.00000000099999999954 0.00000000099999999954 0.00000000099999999954 0.00000000099999999954 
0.00000000099999999956 0.00000000099999999956 0.99999999399999994765 0.00000000099999999956 0.00000000099999999956 0.00000000099999999956 0.00000000099999999956 
0.00000000099999999957 0.00000000099999999957 0.99999999400000005867 0.00000000099999999957 0.00000000099999999957 0.00000000099999999957 0.00000000099999999957 
0.00000000099999999945 0.00000000099999999945 0.99999999400000005867 0.00000000099999999945 0.00000000099999999945 0.00000000099999999945 0.00000000099999999945 
0.00000000099999999948 0.00000000099999999948 0.99999999399999994765 0.00000000099999999948 0.00000000099999999948 0.00000000099999999948 0.00000000099999999948 
0.00000000099999999959 0.00000000099999999959 0.99999999400000005867 0.00000000099999999959 0.00000000099999999959 0.00000000099999999959 0.00000000099999999959 
0.00000000099999999961 0.00000000099999999961 0.99999999400000005867 0.00000000099999999961 0.00000000099999999961 0.00000000099999999961 0.00000000099999999961 
0.04019864083600616089 0.04758655955799924453 0.30417360950925187435 0.02518126432870397211 0.01134303264550577325 0.33383008614845072204 0.23768680697408237079 
0.03939470024764105821 0.10903025681867246910 0.32794812592263705708 0.00000000099999999999 0.00036507345611263290 0.34505912262064869500 0.17820271993428798973 
0.04997070102485631771 0.06602493721006826022 0.29902058040260992566 0.00000000099999999998 0.02032553573835283248 0.37749223002233578406 0.18716601460177670346 
0.04139809905877298718 0.10871296923121220868 0.30058754025216599670 0.00000000099999999999 0.00000000099999999999 0.39227509035387164715 0.15702629910397708501 
0.01840256217814998860 0.08352716145067158593 0.31754913930063138894 0.00000000099999999998 0.00000000099999999998 0.36085615128968845378 0.21966498378085860810 
0.07724714534764995366 0.04237468435002510192 0.36562920811053595260 0.00000000099999999999 0.00062262913496356732 0.31744688159281475581 0.19667945046401061338 
0.06943530224408286933 0.08563097537807748405 0.29878863235633523754 0.00000000099999999999 0.00000000099999999999 0.38549893883464309008 0.16064614918686123679 
0.06464997767012570229 0.06627835492697410624 0.29260636370984943744 0.01453243480105111465 0.00165548946029570759 0.38351971597992851049 0.17675766345177543193 
0.03705635839822141869 0.05732945511634354036 0.28106107381928957523 0.00000003216567822973 0.00736765423341549652 0.49707969287944686609 0.12010573338760480167 
0.07229703493838317285 0.00000000099999999997 0.29389602206030662757 0.00000000099999999997 0.00969048960535925236 0.62407444407978984735 0.00004200731616093256 
0.01458837291583903704 0.07496195497597236967 0.32002749023019033681 0.02657058410253766365 0.00000000099999999999 0.43137550471781660466 0.13247609205764385165 
0.03663644792683306423 0.06610823790925475507 0.35840947859422511712 0.00000000099999999998 0.00000000099999999998 0.36432916348825533648 0.17451667008143159632 
0.07826543889109861818 0.00000000099999999998 0.31448729592913782227 0.00000000099999999998 0.01645469726763511276 0.57373850371105805657 0.01705406220107034618 
0.04277578768172671242 0.04258833430969479611 0.25187469280222413159 0.02549283657209108420 0.00376107861990704513 0.49953785802474892641 0.13396941198960715669 
0.08381347200570279932 0.00000000099999999997 0.32658391916112133879 0.00000000099999999997 0.00161334913917782858 0.54592690285122758009 0.04206235484277037751 
0.09876078668378804326 0.02610244800651409167 0.28174449969430481744 0.00565456364269072229 0.00000000099999999999 0.54278998544423240347 0.04494771552846990592 
0.07133625993810391308 0.00000000099999999998 0.33675669974531385886 0.00000000099999999998 0.00000000099999999998 0.52520988246911293196 0.06669715484746918666 
0.03130378257686603632 0.90083015602615179596 0.00000000099999999993 0.00000000099999999993 0.06786605739698224615 0.00000000099999999993 0.00000000099999999993 
0.00000000099999999984 0.99999999400000005867 0.00000000099999999984 0.00000000099999999984 0.00000000099999999984 0.00000000099999999984 0.00000000099999999984 
0.00000000099999999986 0.93667697574574959596 0.00000000099999999986 0.00000000099999999986 0.06332301925425042055 0.00000000099999999986 0.00000000099999999986 
0.00313534990802708056 0.90893397821301680217 0.00000000099999999990 0.00000000099999999990 0.08793066787895613412 0.00000000099999999990 0.00000000099999999990 
0.00028513695552268356 0.99971485804447746126 0.00000000099999999988 0.00000000099999999988 0.00000000099999999988 0.00000000099999999988 0.00000000099999999988 
0.00391408024218353398 0.91837175705972251549 0.00000000099999999993 0.01395950272997729946 0.06375465696811674632 0.00000000099999999993 0.00000000099999999993 
0.00000000099999999988 0.97233317741704516912 0.00000000099999999988 0.00000000099999999988 0.02766681758295504168 0.00000000099999999988 0.00000000099999999988 
0.03552356605912906223 0.93813365314027263864 0.00000000099999999991 0.00000000099999999991 0.02634277680059838797 0.00000000099999999991 0.00000000099999999991 
0.00000000099999999982 0.99999999400000005867 0.00000000099999999982 0.00000000099999999982 0.00000000099999999982 0.00000000099999999982 0.00000000099999999982 
0.00000000099999999990 0.99979610981234490197 0.00000000099999999990 0.00000000099999999990 0.00020388518765517255 0.00000000099999999990 0.00000000099999999990 
0.05131139304750531593 0.89779930588348866305 0.00000000099999999989 0.00000000099999999989 0.05088929706900614802 0.00000000099999999989 0.00000000099999999989 
0.00017131979855832913 0.95838702746292503409 0.00241391371343887499 0.00000000099999999995 0.03902773602507766254 0.00000000099999999995 0.00000000099999999995 
0.02133534036519177390 0.90698347020937952756 0.00000000099999999993 0.00000000099999999993 0.07168118542542877003 0.00000000099999999993 0.00000000099999999993 
0.02208046709038762045 0.95342137032264928642 0.00000000099999999982 0.00000000099999999982 0.02449815858696305013 0.00000000099999999982 0.00000000099999999982 
0.02154136959452110020 0.92253520292106772072 0.00000000099999999986 0.00000000099999999986 0.05592342348441134425 0.00000000099999999986 0.00000000099999999986 
0.03210493294967258632 0.94374916821954424329 0.00000000099999999993 0.00000000099999999993 0.02414589483078325924 0.00000000099999999993 0.00000000099999999993 
0.00000000099999999981 0.98702427511589696518 0.00000000099999999981 0.00000000099999999981 0.01297571988410318837 0.00000000099999999981 0.00000000099999999981 
0.05638408932156450948 0.79735456223136702558 0.00000000099999999988 0.00000000099999999988 0.14626134444706839766 0.00000000099999999988 0.00000000099999999988 
0.07588022163522467611 0.84347038798781448499 0.00000000099999999993 0.00000000099999999993 0.08064938637696089652 0.00000000099999999993 0.00000000099999999993 
0.02831069901959027205 0.78893626851548037671 0.00000000099999999994 0.00000000099999999994 0.18275302846492938458 0.00000000099999999994 0.00000000099999999994 
0.04998384574053933715 0.78338542749453787817 0.00000000099999999989 0.00000000099999999989 0.16663072276492299495 0.00000000099999999989 0.00000000099999999989 
0.03374052742277934558 0.80381956381494967800 0.00000000099999999991 0.00000000099999999991 0.16243990476227102016 0.00000000099999999991 0.00000000099999999991 
0.02343109893778639805 0.81480930679954921558 0.00000000099999999990 0.00000000099999999990 0.16175959026266448215 0.00000000099999999990 0.00000000099999999990 
0.08928290844748906774 0.81651778660204332727 0.00000000099999999994 0.00245104102433426957 0.09174826092613348749 0.00000000099999999994 0.00000000099999999994 
0.04314994809557595734 0.80170169362317300621 0.00000000099999999987 0.00000000099999999987 0.15514835428125112182 0.00000000099999999987 0.00000000099999999987 
0.05512122496998984184 0.69016384528863128356 0.00674326838252387040 0.00000000099999999997 0.24797165835885517926 0.00000000099999999997 0.00000000099999999997 
0.03901461552804997429 0.82048067655764478356 0.00000000099999999992 0.00000000099999999992 0.14050470391430522343 0.00000000099999999992 0.00000000099999999992 
0.08664960177031931499 0.75690550065518014122 0.00000000099999999990 0.03526343668834831802 0.12118145788615228287 0.00000000099999999990 0.00000000099999999990 
0.02885842668730325203 0.78594499485495228353 0.00000000099999999989 0.00000000099999999989 0.18519657445774448390 0.00000000099999999989 0.00000000099999999989 
0.00489815507821079587 0.72994837212900054446 0.00000000099999999997 0.00000000099999999997 0.25152093030188804601 0.01363253949090051549 0.00000000099999999997 
0.01407782415214918308 0.80800651412196833334 0.00000000099999999996 0.03354968603361733331 0.14436597269226522644 0.00000000099999999996 0.00000000099999999996 
0.03486807120573436058 0.83110593731931070582 0.00000000099999999990 0.00000000099999999990 0.13402598747495500509 0.00000000099999999990 0.00000000099999999990 
0.03277850498964985509 0.80929112548399018134 0.00000000099999999989 0.00460534574056538880 0.15332502078579468563 0.00000000099999999989 0.00000000099999999989 
0.04610435787517260658 0.72652759246881526423 0.00000000099999999994 0.01754430047087676345 0.20982374618513552345 0.00000000099999999994 0.00000000099999999994 
0.03576018026908620723 0.80778872858690609071 0.00000000099999999996 0.00000000099999999996 0.14662664768682406868 0.00982444045718367139 0.00000000099999999996 
0.05806906271133698699 0.77892208289565512125 0.00000000099999999993 0.02031416643479805675 0.14269468495820977760 0.00000000099999999993 0.00000000099999999993 
0.03702122980121243939 0.76165817892623866037 0.00000000099999999996 0.01124946709364398403 0.17603652371876393756 0.01403459846014082531 0.00000000099999999996 
0.04523067274633466028 0.74963474142506747455 0.00000000099999999997 0.00000000099999999997 0.19671915486641286530 0.00841542796218510206 0.00000000099999999997 
0.10010092493989496132 0.76387222684502509296 0.00000000099999999994 0.01386569848426164736 0.12216114673081832076 0.00000000099999999994 0.00000000099999999994 
0.06973733140331718483 0.82039639878368031400 0.00000000099999999985 0.00000000099999999985 0.10986626581300253103 0.00000000099999999985 0.00000000099999999985 
0.05084755037302535891 0.86879146788475281049 0.00000000099999999991 0.00000000099999999991 0.08036097774222202006 0.00000000099999999991 0.00000000099999999991 
0.07458615301923104957 0.87144899310795520542 0.00000000099999999994 0.00132964447743976508 0.05263520639537404983 0.00000000099999999994 0.00000000099999999994 
0.04377731257877003068 0.90436156256082711469 0.00000000099999999989 0.00000000099999999989 0.05186112086040291225 0.00000000099999999989 0.00000000099999999989 
0.07733062348096021721 0.85905123873831601422 0.00000000099999999991 0.00000000099999999991 0.06361813378072381231 0.00000000099999999991 0.00000000099999999991 
0.00000000099999999985 0.91543891296585466755 0.00000000099999999985 0.00000000099999999985 0.08456108203414534896 0.00000000099999999985 0.00000000099999999985 
0.03296870931905879903 0.88313965669590799301 0.00000000099999999996 0.00000000099999999996 0.08389162998503342517 0.00000000099999999996 0.00000000099999999996 
0.03587901667368273428 0.89866746352880988447 0.00000000099999999993 0.00000000099999999993 0.06545351579750739723 0.00000000099999999993 0.00000000099999999993 
0.04925049774891144400 0.91583542298588871411 0.00000000099999999988 0.00000000099999999988 0.03491407526519981624 0.00000000099999999988 0.00000000099999999988 
0.02203124891686220402 0.92356304163755664760 0.00000000099999999984 0.00000000099999999984 0.05440570544558116783 0.00000000099999999984 0.00000000099999999984 
0.02467460210465904219 0.89973563591805560957 0.00000000099999999988 0.00000000099999999988 0.07558975797728539892 0.00000000099999999988 0.00000000099999999988 
0.01834184258079397251 0.91937155713644236332 0.00000000099999999984 0.00000000099999999984 0.06228659628276377036 0.00000000099999999984 0.00000000099999999984 
0.06402163800129159754 0.81253944396337907108 0.00000000099999999997 0.00000000099999999997 0.11038426600586073723 0.00000000099999999997 0.01305464902946854369 
0.00364299345174305764 0.90791596913177219363 0.00000000099999999990 0.00000000099999999990 0.08844103341648476557 0.00000000099999999990 0.00000000099999999990 
0.08452995232597484976 0.83781229782930277672 0.00000000099999999995 0.00215318387926255895 0.07550456296545990376 0.00000000099999999995 0.00000000099999999995 
0.00000000099999999996 0.02475048793805798356 0.05061711612984400727 0.00000000099999999996 0.00000000099999999996 0.52929192459348395339 0.39534046833861413717 
0.00000000099999999994 0.00000000099999999994 0.05417500987163540588 0.00000000099999999994 0.00000000099999999994 0.67776722459496774320 0.26805776153339672119 
0.01956287524047979273 0.00000000099999999995 0.00000001792470111352 0.00000000099999999995 0.00000000099999999995 0.66051228883108459300 0.31992481500373448622 
0.00000000099999999986 0.00000000099999999986 0.03405718076941644662 0.00000000099999999986 0.00000000099999999986 0.61254698670122298410 0.35339582852936046731 
0.00000000099999999997 0.13386488955523920263 0.03336469103718005258 0.00000000099999999997 0.00000000545823445813 0.58491101136379541892 0.24785940058555100407 
0.02221051684952923475 0.03004390256963180433 0.02773373587510877605 0.00000000099999999996 0.00000026244256219140 0.64920495785762777352 0.27080662340554018108 
0.02019116821566330211 0.00000000100000000000 0.01856474741145396068 0.00165253553403748080 0.01993227650260498418 0.59524370763850187327 0.34441556369773845825 
0.00008105918391267911 0.03232604117295303364 0.00000000099999999997 0.00000000099999999997 0.00966997224988417302 0.68919660945115690520 0.26872631594209317463 
0.00000000099999999985 0.00000000099999999985 0.01346864580069185267 0.00000000099999999985 0.00000000099999999985 0.75829877540843582118 0.22823257479087230570 
0.00000000099999999984 0.00000000099999999984 0.00000071251461079171 0.00000000099999999984 0.00000000099999999984 0.75622415049491953365 0.24377513299046968398 
0.00000000099999999995 0.00942725767032925703 0.00000000099999999995 0.00000000099999999995 0.00000000099999999995 0.81703750988783840903 0.17353522844183238982 
0.00000000099999999988 0.00000000099999999988 0.00485971940839187953 0.00000000099999999988 0.00000000099999999988 0.80427458018045316912 0.19086569641115488927 
0.00000000099999999993 0.07192296443910668746 0.00000000099999999993 0.00000000099999999993 0.00000000099999999993 0.67420226105490899116 0.25387477050598433737 
0.00000000099999999991 0.00000000099999999991 0.00742371058660703034 0.00000000099999999991 0.00000000099999999991 0.76654814290080119932 0.22602814251259159550 
0.00723976234363637051 0.00000000099999999996 0.01420944155777643242 0.00000000099999999996 0.02654290980871294725 0.62669206289336121252 0.32531582139651293861 
0.00000000099999999993 0.04976273546825454169 0.02497322830305788097 0.00000000099999999993 0.00000000099999999993 0.68542026136899436572 0.23984377185969310564 
0.00000000099999999978 0.00000000099999999978 0.00000000099999999978 0.00000000099999999978 0.00000000099999999978 0.77367971569826510247 0.22632027930173503893 
0.00000000099999999991 0.01284270253180770475 0.00000000099999999991 0.00000000099999999991 0.00000000099999999991 0.70679281820533401692 0.28036447526285840359 
0.00000000099999999988 0.00000000099999999988 0.02455016538650303323 0.00000000099999999988 0.00000000099999999988 0.77937453032821735199 0.19607530028527955790 
0.00000000099999999982 0.00000000099999999982 0.01063453385657607726 0.00000000099999999982 0.00000000099999999982 0.78685266941942855201 0.20251279272399536069 
0.00000000099999999956 0.00000000099999999956 0.00000000099999999956 0.00000000099999999956 0.00000000099999999956 0.00000000099999999956 0.99999999400000005867 
0.00000000099999999959 0.00000000099999999959 0.00000000099999999959 0.00000000099999999959 0.00000000099999999959 0.00000000099999999959 0.99999999399999994765 
0.00000000099999999974 0.00000000099999999974 0.00000000099999999974 0.00000000099999999974 0.00000000099999999974 0.00000000099999999974 0.99999999400000005867 
0.00000000099999999957 0.00000000099999999957 0.00000000099999999957 0.00000000099999999957 0.00000000099999999957 0.00000000099999999957 0.99999999400000005867 
0.00000000099999999981 0.00000000099999999981 0.00000000099999999981 0.00000000099999999981 0.00000000099999999981 0.05373153446464064981 0.94626846053535929038 
0.00000000099999999959 0.00000000099999999959 0.00000000099999999959 0.00000000099999999959 0.00000000099999999959 0.00000000099999999959 0.99999999400000005867 
0.00000000099999999965 0.00000000099999999965 0.00000000099999999965 0.00000000099999999965 0.00000000099999999965 0.00000000099999999965 0.99999999399999994765 
0.00000000099999999958 0.00000000099999999958 0.00000000099999999958 0.00000000099999999958 0.00000000099999999958 0.00000000099999999958 0.99999999399999994765 
0.00000000099999999982 0.00000000099999999982 0.00000000099999999982 0.00000000099999999982 0.00000000099999999982 0.00000000099999999982 0.99999999400000005867 
0.00000000099999999962 0.00000000099999999962 0.00000000099999999962 0.00000000099999999962 0.00000000099999999962 0.00000000099999999962 0.99999999399999994765 
0.00000000099999999968 0.00000000099999999968 0.00000000099999999968 0.00000000099999999968 0.00000000099999999968 0.00000000099999999968 0.99999999399999994765 
0.00000000099999999972 0.00000000099999999972 0.00000000099999999972 0.00000000099999999972 0.00000000099999999972 0.08580325395704370417 0.91419674104295634010 
0.00000000099999999957 0.00000000099999999957 0.00000000099999999957 0.00000000099999999957 0.00000000099999999957 0.00000000099999999957 0.99999999399999994765 
0.00000000099999999979 0.00000000099999999979 0.00000000099999999979 0.00000000099999999979 0.00000000099999999979 0.17790132981000567058 0.82209866518999430429 
0.00000000099999999976 0.00000000099999999976 0.00000000099999999976 0.00000000099999999976 0.00000000099999999976 0.05363001699773244785 0.94636997800226752009 
0.00000000099999999970 0.00000000099999999970 0.00000000099999999970 0.00000000099999999970 0.00000000099999999970 0.00000000099999999970 0.99999999400000005867 
0.00000000099999999950 0.00000000099999999950 0.00000000099999999950 0.00000000099999999950 0.00000000099999999950 0.00000000099999999950 0.99999999400000005867 
0.00000000099999999962 0.00000000099999999962 0.00000000099999999962 0.00000000099999999962 0.00000000099999999962 0.00000000099999999962 0.99999999400000005867 
0.00000000099999999977 0.00000000099999999977 0.00000000099999999977 0.00000000099999999977 0.00000000099999999977 0.00000000099999999977 0.99999999399999994765 
0.00000000099999999992 0.01432096788133270168 0.00000000099999999992 0.00000000099999999992 0.00000000099999999992 0.11191463228780278161 0.87376439583086462637 
0.00000000099999999985 0.99990374765846545824 0.00000000099999999985 0.00000000099999999985 0.00009624734153465658 0.00000000099999999985 0.00000000099999999985 
0.00000339003944677453 0.95165800013567314330 0.00000000099999999996 0.00000000099999999996 0.04567665308116188733 0.00266195374371829387 0.00000000099999999996 
0.00000000099999999971 0.99999999400000016969 0.00000000099999999971 0.00000000099999999971 0.00000000099999999971 0.00000000099999999971 0.00000000099999999971 
0.02631583285496003413 0.97228110296195036089 0.00000000099999999982 0.00000000099999999982 0.00140306018308967973 0.00000000099999999982 0.00000000099999999982 
0.00000000099999999974 0.99999999400000005867 0.00000000099999999974 0.00000000099999999974 0.00000000099999999974 0.00000000099999999974 0.00000000099999999974 
0.00000000099999999979 0.99999999400000005867 0.00000000099999999979 0.00000000099999999979 0.00000000099999999979 0.00000000099999999979 0.00000000099999999979 
