0.90785526335035071632 0.06225408161352181946 0.00000000099999999983 0.00000000099999999983 0.00000000099999999983 0.00000000099999999983 0.00000000099999999983 0.02989065003612761257 
0.95486520758112447549 0.02744696708645593189 0.00000000099999999988 0.00000000099999999988 0.00000000099999999988 0.00000000099999999988 0.00000000099999999988 0.01768782033241971322 
0.89144909622934720428 0.07041594534916324755 0.00000000099999999983 0.00000000099999999983 0.00000000099999999983 0.00000000099999999983 0.00000000099999999983 0.03813495342148976591 
0.82223442475685704078 0.04992273978881790059 0.00000000099999999995 0.00077386509940643121 0.00000000099999999995 0.00212722686099003997 0.00000000099999999995 0.12494174049392876846 
0.31753701279035428939 0.00000000099999999971 0.00000000099999999971 0.00000000099999999971 0.00000000099999999971 0.00000000099999999971 0.00000000099999999971 0.68246298120964543621 
0.31080191219906011524 0.00000000099999999974 0.00000000099999999974 0.00000000099999999974 0.00000000099999999974 0.00000000099999999974 0.00000000099999999974 0.68919808180093977690 
0.00000000099999999937 0.00000000099999999937 0.00000000099999999937 0.00000000099999999937 0.00000000099999999937 0.00000000099999999937 0.00000000099999999937 0.99999999300000008695 
0.00000000099999999927 0.00000000099999999927 0.00000000099999999927 0.00000000099999999927 0.00000000099999999927 0.00000000099999999927 0.00000000099999999927 0.99999999300000008695 
0.28415340870156463593 0.00786204160104718441 0.00000000099999999974 0.00000000099999999974 0.00000000099999999974 0.00000000099999999974 0.00000000099999999974 0.70798454469738802963 
0.86073578833073061123 0.02869949664510100182 0.00000000099999999991 0.00000000099999999991 0.00000000099999999991 0.00722161831483400952 0.00000000099999999991 0.10334309270933454694 
0.00000000099999999941 0.00000000099999999941 0.00000000099999999941 0.00000000099999999941 0.00000000099999999941 0.00000000099999999941 0.00000000099999999941 0.99999999300000008695 
0.91565155137662512796 0.05051754138769498637 0.00000000099999999982 0.00000000099999999982 0.00000000099999999982 0.00000000099999999982 0.00000000099999999982 0.03383090223568006177 
0.00000000099999999941 0.00000000099999999941 0.00000000099999999941 0.00000000099999999941 0.00000000099999999941 0.00000000099999999941 0.00000000099999999941 0.99999999299999997593 
0.00000000099999999935 0.00000000099999999935 0.00000000099999999935 0.00000000099999999935 0.00000000099999999935 0.00000000099999999935 0.00000000099999999935 0.99999999300000008695 
0.00000000099999999934 0.00000000099999999934 0.00000000099999999934 0.00000000099999999934 0.00000000099999999934 0.00000000099999999934 0.00000000099999999934 0.99999999300000008695 
0.00000000099999999931 0.00000000099999999931 0.00000000099999999931 0.00000000099999999931 0.00000000099999999931 0.00000000099999999931 0.00000000099999999931 0.99999999299999997593 
0.00000000099999999933 0.00000000099999999933 0.00000000099999999933 0.00000000099999999933 0.00000000099999999933 0.00000000099999999933 0.00000000099999999933 0.99999999299999997593 
0.00000000099999999939 0.00000000099999999939 0.00000000099999999939 0.00000000099999999939 0.00000000099999999939 0.00000000099999999939 0.00000000099999999939 0.99999999299999997593 
0.93577626462772922622 0.00300619018476677843 0.00000000099999999983 0.00000000099999999983 0.00000000099999999983 0.00000000099999999983 0.00000000099999999983 0.06121754018750419357 
0.00000000099999999943 0.00000000099999999943 0.00000000099999999943 0.00000000099999999943 0.00000000099999999943 0.00000000099999999943 0.00000000099999999943 0.99999999299999997593 
0.00000000099999999923 0.00000000099999999923 0.00000000099999999923 0.00000000099999999923 0.00000000099999999923 0.00000000099999999923 0.99999999299999986491 0.00000000099999999923 
0.00000000099999999936 0.00000000099999999936 0.00000000099999999936 0.00000000099999999936 0.00000000099999999936 0.00000000099999999936 0.99999999299999997593 0.00000000099999999936 
0.00000000099999999927 0.00000000099999999927 0.00000000099999999927 0.00000000099999999927 0.00000000099999999927 0.00000000099999999927 0.99999999299999997593 0.00000000099999999927 
0.00000000099999999975 0.00000000099999999975 0.00000000099999999975 0.00000000099999999975 0.00000000099999999975 0.00000000099999999975 0.99999999299999986491 0.00000000099999999975 
0.00000000099999999982 0.00003041112983878365 0.00000000099999999982 0.00000000099999999982 0.00000000099999999982 0.00000000099999999982 0.99953112861601856043 0.00043845525414281527 
0.00000000099999999980 0.00000000099999999980 0.00000000099999999980 0.00000000099999999980 0.00000000099999999980 0.00000000099999999980 0.99955678981263518246 0.00044320418736487057 
0.00000000099999999930 0.00000000099999999930 0.00000000099999999930 0.00000000099999999930 0.00000000099999999930 0.00000000099999999930 0.99999999299999986491 0.00000000099999999930 
0.00000000099999999938 0.00000000099999999938 0.00000000099999999938 0.00000000099999999938 0.00000000099999999938 0.00000000099999999938 0.99999999299999997593 0.00000000099999999938 
0.00000000099999999933 0.00000000099999999933 0.00000000099999999933 0.00000000099999999933 0.00000000099999999933 0.00000000099999999933 0.99999999299999986491 0.00000000099999999933 
0.00000000099999999934 0.00000000099999999934 0.00000000099999999934 0.00000000099999999934 0.00000000099999999934 0.00000000099999999934 0.99999999299999986491 0.00000000099999999934 
0.00000000099999999931 0.00000000099999999931 0.00000000099999999931 0.00000000099999999931 0.00000000099999999931 0.00000000099999999931 0.99999999299999997593 0.00000000099999999931 
0.00000000099999999936 0.00000000099999999936 0.00000000099999999936 0.00000000099999999936 0.00000000099999999936 0.00000000099999999936 0.99999999299999997593 0.00000000099999999936 
0.01952870701231567210 0.00023268477328501912 0.00000000099999999988 0.00000000099999999988 0.00000000099999999988 0.00000000099999999988 0.97922206508822584592 0.00101653912617357301 
0.00000000099999999970 0.00000000099999999970 0.00000000099999999970 0.00000000099999999970 0.00000000099999999970 0.00000000099999999970 0.99999999299999986491 0.00000000099999999970 
0.00000000099999999975 0.00000000099999999975 0.00000000099999999975 0.00000000099999999975 0.00000000099999999975 0.00000000099999999975 0.99999999299999997593 0.00000000099999999975 
0.00000000099999999969 0.00000000099999999969 0.00000000099999999969 0.00000000099999999969 0.00000000099999999969 0.00000000099999999969 0.99999999299999986491 0.00000000099999999969 
0.00000000099999999975 0.00000000099999999975 0.00000000099999999975 0.00000000099999999975 0.00000000099999999975 0.00000000099999999975 0.99999999299999997593 0.00000000099999999975 
0.00000000099999999979 0.00000000099999999979 0.00000000099999999979 0.00000000099999999979 0.00000000099999999979 0.00000000099999999979 0.99999999299999997593 0.00000000099999999979 
0.00000000099999999934 0.00000000099999999934 0.00000000099999999934 0.00000000099999999934 0.00000000099999999934 0.00000000099999999934 0.99999999299999997593 0.00000000099999999934 
0.00000000099999999974 0.00000000099999999974 0.00000000099999999974 0.00000000099999999974 0.00000000099999999974 0.00000000099999999974 0.99999999299999986491 0.00000000099999999974 
0.00000000099999999935 0.00000000099999999935 0.00000000099999999935 0.00000000099999999935 0.00000000099999999935 0.00000000099999999935 0.99999999299999997593 0.00000000099999999935 
0.00000000099999999979 0.00000000099999999979 0.00000000099999999979 0.00000000099999999979 0.00000000099999999979 0.00000000099999999979 0.99999999299999997593 0.00000000099999999979 
0.00000000099999999935 0.00000000099999999935 0.00000000099999999935 0.00000000099999999935 0.00000000099999999935 0.00000000099999999935 0.99999999299999986491 0.00000000099999999935 
0.00000000099999999961 0.00000000099999999961 0.00000000099999999961 0.00000000099999999961 0.00000000099999999961 0.00000000099999999961 0.99999999299999997593 0.00000000099999999961 
0.00000000099999999925 0.00000000099999999925 0.00000000099999999925 0.00000000099999999925 0.00000000099999999925 0.00000000099999999925 0.99999999299999986491 0.00000000099999999925 
0.00000000099999999985 0.00000000099999999985 0.00000000099999999985 0.00000000099999999985 0.00000000099999999985 0.00000000099999999985 0.99999999299999986491 0.00000000099999999985 
0.00000000099999999927 0.00000000099999999927 0.00000000099999999927 0.00000000099999999927 0.00000000099999999927 0.00000000099999999927 0.99999999299999997593 0.00000000099999999927 
0.00000000099999999936 0.00000000099999999936 0.00000000099999999936 0.00000000099999999936 0.00000000099999999936 0.00000000099999999936 0.99999999299999986491 0.00000000099999999936 
0.00000000099999999929 0.00000000099999999929 0.00000000099999999929 0.00000000099999999929 0.00000000099999999929 0.00000000099999999929 0.99999999299999986491 0.00000000099999999929 
0.00000000099999999934 0.00000000099999999934 0.00000000099999999934 0.00000000099999999934 0.00000000099999999934 0.00000000099999999934 0.99999999299999997593 0.00000000099999999934 
0.00000000099999999947 0.00000000099999999947 0.00000000099999999947 0.00000000099999999947 0.00000000099999999947 0.00000000099999999947 0.99999999299999986491 0.00000000099999999947 
0.00000000099999999940 0.00000000099999999940 0.00000000099999999940 0.00000000099999999940 0.00000000099999999940 0.00000000099999999940 0.99999999299999997593 0.00000000099999999940 
0.00000000099999999943 0.00000000099999999943 0.00000000099999999943 0.00000000099999999943 0.00000000099999999943 0.00000000099999999943 0.99999999299999986491 0.00000000099999999943 
0.00000000099999999972 0.00000000099999999972 0.00000000099999999972 0.00000000099999999972 0.00000000099999999972 0.00000000099999999972 0.99999999299999986491 0.00000000099999999972 
0.00000000099999999960 0.00144480553356149941 0.00000000099999999960 0.00000000099999999960 0.00000000099999999960 0.00000000099999999960 0.99855518846643853692 0.00000000099999999960 
0.00000000099999999939 0.00000000099999999939 0.00000000099999999939 0.00000000099999999939 0.00000000099999999939 0.00000000099999999939 0.99999999299999997593 0.00000000099999999939 
0.00000000099999999938 0.00000000099999999938 0.00000000099999999938 0.00000000099999999938 0.00000000099999999938 0.00000000099999999938 0.99999999299999997593 0.00000000099999999938 
0.00000000099999999940 0.00000000099999999940 0.00000000099999999940 0.00000000099999999940 0.00000000099999999940 0.00000000099999999940 0.99999999299999986491 0.00000000099999999940 
0.83167605913401188023 0.07583263457315481126 0.00000000099999999993 0.00000000099999999993 0.00000000099999999993 0.00000000099999999993 0.00000000099999999993 0.09249130129283332502 
0.75531191312089818179 0.05685969081123910807 0.00000000099999999996 0.00000000099999999996 0.01012570540116492293 0.00000000099999999996 0.00000000099999999996 0.17770268666669794544 
0.99951646430352814043 0.00000000099999999987 0.00000000099999999987 0.00000000099999999987 0.00000000099999999987 0.00000000099999999987 0.00000000099999999987 0.00048352969647206823 
0.86323498017062738619 0.02680212885437935344 0.00000000099999999994 0.00000000099999999994 0.00000000099999999994 0.01639411238745436955 0.00272892726664050126 0.09083984832089839201 
0.91013412242382629724 0.03239861241742936215 0.00000000099999999992 0.00000000099999999992 0.00000000099999999992 0.01364657945882303755 0.00000000099999999992 0.04382068169992141965 
0.87694711766376232109 0.01801724058136347159 0.00000000099999999996 0.00000000099999999996 0.00000000099999999996 0.02764662986888566376 0.01314203905364316749 0.06424696983234541581 
0.99999999300000008695 0.00000000099999999974 0.00000000099999999974 0.00000000099999999974 0.00000000099999999974 0.00000000099999999974 0.00000000099999999974 0.00000000099999999974 
0.99999999300000019797 0.00000000099999999975 0.00000000099999999975 0.00000000099999999975 0.00000000099999999975 0.00000000099999999975 0.00000000099999999975 0.00000000099999999975 
0.77511297878012230811 0.03298819547462555901 0.01102287973649018239 0.00000000099999999999 0.01670471250599036422 0.00000000099999999999 0.03478001965401755768 0.12939121184875398973 
0.85974997755533111299 0.00336199003699860170 0.00000000099999999995 0.00000000099999999995 0.01546100613126115929 0.00000000099999999995 0.00000000099999999995 0.12142702227640915502 
0.80953479418034512971 0.08210782202323314849 0.00000000099999999992 0.00000000099999999992 0.00000000099999999992 0.00000000099999999992 0.00000026184014244538 0.10835711795627930853 
0.84307521242427407859 0.06154294291766152641 0.00000000099999999997 0.01256361690235069037 0.00000000099999999997 0.00000000099999999997 0.00000000099999999997 0.08281822375571387673 
0.74438869846644384332 0.03976784133965884094 0.00000000099999999998 0.01787604154897726172 0.00000000099999999998 0.03895894158353434972 0.00725967293878045008 0.15174880212260527523 
0.99999999300000019797 0.00000000099999999980 0.00000000099999999980 0.00000000099999999980 0.00000000099999999980 0.00000000099999999980 0.00000000099999999980 0.00000000099999999980 
0.99999999300000019797 0.00000000099999999971 0.00000000099999999971 0.00000000099999999971 0.00000000099999999971 0.00000000099999999971 0.00000000099999999971 0.00000000099999999971 
0.99999999300000008695 0.00000000099999999971 0.00000000099999999971 0.00000000099999999971 0.00000000099999999971 0.00000000099999999971 0.00000000099999999971 0.00000000099999999971 
0.99999999300000008695 0.00000000099999999979 0.00000000099999999979 0.00000000099999999979 0.00000000099999999979 0.00000000099999999979 0.00000000099999999979 0.00000000099999999979 
0.99999999300000019797 0.00000000099999999975 0.00000000099999999975 0.00000000099999999975 0.00000000099999999975 0.00000000099999999975 0.00000000099999999975 0.00000000099999999975 
0.00000000099999999933 0.99999999300000008695 0.00000000099999999933 0.00000000099999999933 0.00000000099999999933 0.00000000099999999933 0.00000000099999999933 0.00000000099999999933 
0.00000000099999999933 0.99999999300000008695 0.00000000099999999933 0.00000000099999999933 0.00000000099999999933 0.00000000099999999933 0.00000000099999999933 0.00000000099999999933 
0.00000000099999999932 0.99999999300000019797 0.00000000099999999932 0.00000000099999999932 0.00000000099999999932 0.00000000099999999932 0.00000000099999999932 0.00000000099999999932 
0.00000000099999999932 0.99999999300000008695 0.00000000099999999932 0.00000000099999999932 0.00000000099999999932 0.00000000099999999932 0.00000000099999999932 0.00000000099999999932 
0.00000000099999999933 0.99999999300000019797 0.00000000099999999933 0.00000000099999999933 0.00000000099999999933 0.00000000099999999933 0.00000000099999999933 0.00000000099999999933 
0.00000000099999999931 0.99999999300000019797 0.00000000099999999931 0.00000000099999999931 0.00000000099999999931 0.00000000099999999931 0.00000000099999999931 0.00000000099999999931 
0.00000000099999999933 0.99999999300000008695 0.00000000099999999933 0.00000000099999999933 0.00000000099999999933 0.00000000099999999933 0.00000000099999999933 0.00000000099999999933 
0.00000000099999999926 0.99999999300000008695 0.00000000099999999926 0.00000000099999999926 0.00000000099999999926 0.00000000099999999926 0.00000000099999999926 0.00000000099999999926 
0.00000000099999999944 0.99999999300000008695 0.00000000099999999944 0.00000000099999999944 0.00000000099999999944 0.00000000099999999944 0.00000000099999999944 0.00000000099999999944 
0.00000000099999999929 0.99999999300000008695 0.00000000099999999929 0.00000000099999999929 0.00000000099999999929 0.00000000099999999929 0.00000000099999999929 0.00000000099999999929 
0.00000000099999999969 0.81062084599619921299 0.00000000099999999969 0.00000000099999999969 0.00000000099999999969 0.00000000099999999969 0.18937914800380098446 0.00000000099999999969 
0.00000000099999999952 0.99999999300000008695 0.00000000099999999952 0.00000000099999999952 0.00000000099999999952 0.00000000099999999952 0.00000000099999999952 0.00000000099999999952 
0.00000000099999999945 0.99999999300000008695 0.00000000099999999945 0.00000000099999999945 0.00000000099999999945 0.00000000099999999945 0.00000000099999999945 0.00000000099999999945 
0.00000000099999999940 0.99999999300000008695 0.00000000099999999940 0.00000000099999999940 0.00000000099999999940 0.00000000099999999940 0.00000000099999999940 0.00000000099999999940 
0.00945619785767707992 0.00782088675553959875 0.70648075182970160313 0.07722829303564211767 0.12547326293712859901 0.07354060558431091410 0.00000000099999999997 0.00000000099999999997 
0.00000000099999999972 0.00000000099999999972 0.84660277961350760556 0.13642827086975647943 0.00000000099999999972 0.01696894451673585866 0.00000000099999999972 0.00000000099999999972 
0.00000000099999999977 0.00000000099999999977 0.86750077432365380048 0.11404370494587352802 0.01845551573047261862 0.00000000099999999977 0.00000000099999999977 0.00000000099999999977 
0.00000000099999999996 0.00000000099999999996 0.76319780901225287018 0.04274029713514436446 0.11944933410051569722 0.06958560507977669396 0.00502695167231021270 0.00000000099999999996 
0.00000000099999999971 0.00000000099999999971 0.87572591008314026872 0.12427408391685985933 0.00000000099999999971 0.00000000099999999971 0.00000000099999999971 0.00000000099999999971 
0.00000000099999999980 0.00000000099999999980 0.87059720319151312484 0.12940279080848693383 0.00000000099999999980 0.00000000099999999980 0.00000000099999999980 0.00000000099999999980 
0.00000000099999999994 0.00220715936589582816 0.75921982761277206908 0.14631654964867601976 0.04289172114191786012 0.04936473923073821102 0.00000000099999999994 0.00000000099999999994 
0.00000000099999999994 0.00000000099999999994 0.69991792520731610505 0.11093350264750249934 0.13175233591984927828 0.05739623222533212638 0.00000000099999999994 0.00000000099999999994 
0.00000000099999999977 0.00000000099999999977 0.99999999299999997593 0.00000000099999999977 0.00000000099999999977 0.00000000099999999977 0.00000000099999999977 0.00000000099999999977 
0.00000000099999999987 0.00000000099999999987 0.77210160731954058377 0.08627857547485198730 0.09606179399422309917 0.04555801921138418614 0.00000000099999999987 0.00000000099999999987 
0.00000000099999999987 0.00000000099999999987 0.75363894716995105671 0.06079481967378327911 0.08828675054197253347 0.09727947861429296628 0.00000000099999999987 0.00000000099999999987 
0.00000000099999999973 0.00000000099999999973 0.99999999299999997593 0.00000000099999999973 0.00000000099999999973 0.00000000099999999973 0.00000000099999999973 0.00000000099999999973 
0.00000000099999999994 0.00000000099999999994 0.83548662598674972024 0.13754213204369875045 0.01485378688489988851 0.00000000099999999994 0.00000000099999999994 0.01211745108465165158 
0.00000000099999999972 0.00000000099999999972 0.99999999299999997593 0.00000000099999999972 0.00000000099999999972 0.00000000099999999972 0.00000000099999999972 0.00000000099999999972 
0.00000000099999999989 0.00000000099999999989 0.70396978227201889577 0.10050928533103692386 0.14414426640250813105 0.05137666199443595427 0.00000000099999999989 0.00000000099999999989 
0.00000000099999999972 0.00000000099999999972 0.99999999300000008695 0.00000000099999999972 0.00000000099999999972 0.00000000099999999972 0.00000000099999999972 0.00000000099999999972 
0.00000000099999999976 0.00000000099999999976 0.99999999299999997593 0.00000000099999999976 0.00000000099999999976 0.00000000099999999976 0.00000000099999999976 0.00000000099999999976 
0.00000000099999999973 0.00000000099999999973 0.99999999300000008695 0.00000000099999999973 0.00000000099999999973 0.00000000099999999973 0.00000000099999999973 0.00000000099999999973 
0.00000000099999999970 0.00000000099999999970 0.99999999300000008695 0.00000000099999999970 0.00000000099999999970 0.00000000099999999970 0.00000000099999999970 0.00000000099999999970 
0.00000000099999999976 0.00000000099999999976 0.86437766675560012697 0.13562232724439987619 0.00000000099999999976 0.00000000099999999976 0.00000000099999999976 0.00000000099999999976 
0.00000000099999999934 0.00000000099999999934 0.00000000099999999934 0.00000000099999999934 0.00000000099999999934 0.99999999300000008695 0.00000000099999999934 0.00000000099999999934 
0.00000000099999999937 0.00000000099999999937 0.00000000099999999937 0.00000000099999999937 0.00000000099999999937 0.99999999299999997593 0.00000000099999999937 0.00000000099999999937 
0.00000000099999999991 0.01657033201176612985 0.23336185535714346062 0.00962157683172113615 0.00041388998294055563 0.74003234281642871206 0.00000000099999999991 0.00000000099999999991 
0.00000000099999999952 0.00000000099999999952 0.00000000099999999952 0.00000000099999999952 0.00000000099999999952 0.99999999299999997593 0.00000000099999999952 0.00000000099999999952 
0.00000000099999999933 0.00000000099999999933 0.00000000099999999933 0.00000000099999999933 0.00000000099999999933 0.99999999299999997593 0.00000000099999999933 0.00000000099999999933 
0.00000000099999999938 0.00000000099999999938 0.00000000099999999938 0.00000000099999999938 0.00000000099999999938 0.99999999299999997593 0.00000000099999999938 0.00000000099999999938 
0.00000000099999999942 0.00000000099999999942 0.00000000099999999942 0.00000000099999999942 0.00000000099999999942 0.99999999300000008695 0.00000000099999999942 0.00000000099999999942 
0.00000000099999999935 0.00000000099999999935 0.00000000099999999935 0.00000000099999999935 0.00000000099999999935 0.99999999300000008695 0.00000000099999999935 0.00000000099999999935 
0.00000000099999999938 0.00000000099999999938 0.00000000099999999938 0.00000000099999999938 0.00000000099999999938 0.99999999300000008695 0.00000000099999999938 0.00000000099999999938 
0.00000000099999999996 0.03069238040175745891 0.19073485215244023738 0.03115783065929022752 0.02939391786760468459 0.71802101591890732379 0.00000000099999999996 0.00000000099999999996 
0.00000000099999999939 0.00000000099999999939 0.00000000099999999939 0.00000000099999999939 0.00000000099999999939 0.99999999299999997593 0.00000000099999999939 0.00000000099999999939 
0.00000000099999999942 0.00000000099999999942 0.00000000099999999942 0.00000000099999999942 0.00000000099999999942 0.99999999300000008695 0.00000000099999999942 0.00000000099999999942 
0.00000000099999999949 0.00000000099999999949 0.00000000099999999949 0.00000000099999999949 0.00000000099999999949 0.99999999299999997593 0.00000000099999999949 0.00000000099999999949 
0.00000000099999999951 0.00000000099999999951 0.00000000099999999951 0.00000000099999999951 0.00000000099999999951 0.99999999300000008695 0.00000000099999999951 0.00000000099999999951 
0.00000000099999999952 0.00000000099999999952 0.00000000099999999952 0.00000000099999999952 0.00000000099999999952 0.99999999299999997593 0.00000000099999999952 0.00000000099999999952 
0.00000000099999999939 0.00000000099999999939 0.00000000099999999939 0.00000000099999999939 0.00000000099999999939 0.99999999300000008695 0.00000000099999999939 0.00000000099999999939 
0.00000000099999999943 0.00000000099999999943 0.00000000099999999943 0.00000000099999999943 0.00000000099999999943 0.99999999299999997593 0.00000000099999999943 0.00000000099999999943 
0.00000000099999999955 0.00000000099999999955 0.00000000099999999955 0.00000000099999999955 0.00000000099999999955 0.99999999299999997593 0.00000000099999999955 0.00000000099999999955 
0.00000000099999999957 0.00000000099999999957 0.00000000099999999957 0.00000000099999999957 0.00000000099999999957 0.99999999300000008695 0.00000000099999999957 0.00000000099999999957 
0.04861870795490137037 0.03997247576015377363 0.32779976254398618396 0.10215645211838686457 0.14467091990068611795 0.30259541539683665334 0.02501700691224323370 0.00916925941280555441 
0.10992176673907476381 0.03867496620504734528 0.34370933163422567880 0.11336637945578864617 0.06877710425594116272 0.32553905350681200392 0.00000000099999999999 0.00001139720311044721 
0.05919641329463706109 0.05108319708802409875 0.35134822060893516893 0.10339017092286351129 0.12003808828780633544 0.29187789236693773010 0.00000000099999999998 0.02306601643079608105 
0.10981164919013827741 0.03829092998968386397 0.39450438094073198014 0.12519520039898601738 0.03304021579171102091 0.29915762168874876492 0.00000000099999999999 0.00000000099999999999 
0.08329822117516542945 0.01859572475168036476 0.35068955845031801744 0.14207670058709542804 0.09580811894724670930 0.30953167408849419084 0.00000000099999999998 0.00000000099999999998 
0.04321354173465440790 0.07589444100032179119 0.32285409084934385548 0.10567554111623791990 0.08788198806091987447 0.36344367058185728103 0.00000000099999999999 0.00103672565666504423 
0.08178853521493766043 0.07118805817766869770 0.35490714336600043266 0.08298990707943346146 0.11671460876275337182 0.29241174539920644637 0.00000000099999999999 0.00000000099999999999 
0.06900002575759928147 0.06297308502049117629 0.35924848991686370026 0.11185675200624028980 0.09854706076120672842 0.28382196165778661445 0.01451872516996421426 0.00003389970984805329 
0.06051524929577364181 0.03475024767310287005 0.51034300809988264458 0.10423040025517117668 0.00220543556585722864 0.28202778248435877995 0.00000000100000000000 0.00592787562585359116 
0.00000000099999999996 0.06752423884508836072 0.58565486254343490646 0.05827497761735550563 0.00000000099999999996 0.27369980185316272747 0.00000000099999999996 0.01484611614095855160 
0.07208916904802394054 0.01544958787248601993 0.42729887933369814501 0.06387459761632328925 0.07541955445409423420 0.31825877341088271155 0.02760943726449161320 0.00000000099999999999 
0.06577201597309258185 0.03771860317023868064 0.36895809997748507669 0.09881257762973573444 0.07160627516511744450 0.35713242608433048986 0.00000000099999999998 0.00000000099999999998 
0.00000075993551647036 0.07354428002120043384 0.52743733060134811996 0.07975876167238327152 0.00000000099999999997 0.29907373020347571835 0.00000000099999999997 0.02018513556607615111 
0.04286463288672794081 0.03673302053228863495 0.51065210299109042857 0.12706298887491371263 0.00003729116091846629 0.25122918641092173431 0.02581166393946070572 0.00560911320367837949 
0.00000000099999999997 0.08018913366925148334 0.51119223237383304426 0.09058293776906453654 0.00000000099999999997 0.31336630768093720611 0.00000000099999999997 0.00466938550691385363 
0.02781939616448961608 0.09533311879636638397 0.50618706276557468016 0.09723413708107050968 0.00000000099999999999 0.26750444673366546855 0.00592183645883330358 0.00000000099999999999 
0.00000000099999999998 0.07111054917446237023 0.51028429078327275370 0.09536160123494277774 0.00000000099999999998 0.32324355480732208656 0.00000000099999999998 0.00000000099999999998 
0.90163995649354122808 0.02974013866326389102 0.00000000099999999991 0.00000000099999999991 0.00000000099999999991 0.00000000099999999991 0.00000000099999999991 0.06861989984319508129 
0.99999999300000019797 0.00000000099999999978 0.00000000099999999978 0.00000000099999999978 0.00000000099999999978 0.00000000099999999978 0.00000000099999999978 0.00000000099999999978 
0.93697732080904294616 0.00000000099999999984 0.00000000099999999984 0.00000000099999999984 0.00000000099999999984 0.00000000099999999984 0.00000000099999999984 0.06302267319095720965 
0.90949371387883837237 0.00143222520913679303 0.00000000099999999986 0.00000000099999999986 0.00000000099999999986 0.00000000099999999986 0.00000000099999999986 0.08907405591202495476 
0.99999926025583807387 0.00000073374416210024 0.00000000099999999984 0.00000000099999999984 0.00000000099999999984 0.00000000099999999984 0.00000000099999999984 0.00000000099999999984 
0.91873224069185621676 0.00231075821991612610 0.00000000099999999991 0.00000000099999999991 0.00000000099999999991 0.00000000099999999991 0.01455461679162717639 0.06440238029660035057 
0.97283457423099650718 0.00000000099999999984 0.00000000099999999984 0.00000000099999999984 0.00000000099999999984 0.00000000099999999984 0.00000000099999999984 0.02716541976900358618 
0.93702329714956766882 0.03398339158940592158 0.00000000099999999990 0.00000000099999999990 0.00000000099999999990 0.00000000099999999990 0.00000000099999999990 0.02899330626102649897 
0.99999999300000019797 0.00000000099999999976 0.00000000099999999976 0.00000000099999999976 0.00000000099999999976 0.00000000099999999976 0.00000000099999999976 0.00000000099999999976 
0.99969028974445728331 0.00000000099999999985 0.00000000099999999985 0.00000000099999999985 0.00000000099999999985 0.00000000099999999985 0.00000000099999999985 0.00030970425554294249 
0.89764589434532249257 0.05033143622491974972 0.00000000099999999985 0.00000000099999999985 0.00000000099999999985 0.00000000099999999985 0.00000000099999999985 0.05202266442975792687 
0.95750117797607425807 0.00000178104722986114 0.00000000099999999994 0.00000000099999999994 0.00000000099999999994 0.00185728371499353849 0.00000000099999999994 0.04063975326170241043 
0.90750889246343635630 0.01936109849959271115 0.00000000099999999991 0.00000000099999999991 0.00000000099999999991 0.00000000099999999991 0.00000000099999999991 0.07313000403697106355 
0.94760732415998105704 0.02673230352941126028 0.00000000099999999978 0.00000000099999999978 0.00000000099999999978 0.00000000099999999978 0.00000000099999999978 0.02566036731060774428 
0.92587274373641026415 0.01779149092411308128 0.00000000099999999982 0.00000000099999999982 0.00000000099999999982 0.00000000099999999982 0.00000000099999999982 0.05633576033947677170 
0.94343541217385640252 0.03028840397573611537 0.00000000099999999991 0.00041660775190741837 0.00000000099999999991 0.00000000099999999991 0.00000000099999999991 0.02585957209850021921 
0.99001641628976899678 0.00000000099999999976 0.00000000099999999976 0.00000000099999999976 0.00000000099999999976 0.00000000099999999976 0.00000000099999999976 0.00998357771023112087 
0.79910279693629349129 0.05314638063918505212 0.00000000099999999984 0.00000000099999999984 0.00000000099999999984 0.00000000099999999984 0.00000000099999999984 0.14775081742452159106 
0.84675402645294706172 0.07250106317525090160 0.00000000099999999992 0.00255212347599469841 0.00000000099999999992 0.00000000099999999992 0.00000000099999999992 0.07819278289580748609 
0.78852452029067010564 0.02751697750730629916 0.00000000099999999991 0.00000000099999999991 0.00000000099999999991 0.00000000099999999991 0.00000000099999999991 0.18395849720202372968 
0.78509378025266751688 0.04939693825832382895 0.00000000099999999986 0.00000000099999999986 0.00000000099999999986 0.00000000099999999986 0.00000000099999999986 0.16550927648900876088 
0.80513071518804490978 0.03236982559698459855 0.00000000099999999987 0.00000000099999999987 0.00000000099999999987 0.00000000099999999987 0.00000000099999999987 0.16249945421497072329 
0.81774497042969918059 0.02257435674172270784 0.00000000099999999987 0.00000000099999999987 0.00000000099999999987 0.00000000099999999987 0.00000000099999999987 0.15968066782857828767 
0.82143786568520427149 0.08672998242251944712 0.00000000099999999993 0.00000000099999999993 0.00000000099999999993 0.00000000099999999993 0.00241466270805251433 0.08941748518422382164 
0.80460052984479202287 0.04256924762932878803 0.00000000099999999982 0.00000000099999999982 0.00000000099999999982 0.00000000099999999982 0.00000000099999999982 0.15283021752587935826 
0.68929074803770706836 0.05431486967986300096 0.00000000099999999995 0.00000000099999999995 0.00000000099999999995 0.00604091850614504444 0.00000000099999999995 0.25035345977628487013 
0.81809170855284996104 0.03679164633299816106 0.00000000099999999990 0.00000000099999999990 0.00000000099999999990 0.00000000099999999990 0.00000000099999999990 0.14511664011415192910 
0.76094710578562285708 0.08272078042466682324 0.00000000099999999987 0.00000000099999999987 0.00000000099999999987 0.00000000099999999987 0.03655038762780421502 0.11978172216190641208 
0.78758257228057482191 0.02752021500059524672 0.00000000099999999985 0.00000000099999999985 0.00000000099999999985 0.00000000099999999985 0.00000000099999999985 0.18489720771883014216 
0.73512983689141153665 0.00172291752800693984 0.01373864518242221520 0.00000000099999999997 0.00000000099999999997 0.00000000099999999997 0.00000000099999999997 0.24940859639815940452 
0.80693129640909833089 0.01266427176795640284 0.00000000099999999994 0.00000000099999999994 0.00000000099999999994 0.00000000099999999994 0.03458893622970263954 0.14581549159324275200 
0.83159554824742587531 0.03419035070351448408 0.00000000099999999987 0.00000000099999999987 0.00000000099999999987 0.00000000099999999987 0.00000000099999999987 0.13421409604905987223 
0.81028514084119263039 0.03182558306090946254 0.00000000099999999984 0.00000000099999999984 0.00000000099999999984 0.00000000099999999984 0.00512182084411583107 0.15276745125378207724 
0.72618313390986921618 0.04610429797063207019 0.00000000099999999992 0.00000000099999999992 0.00000000099999999992 0.00000000099999999992 0.01804925851965417591 0.20966330559984477921 
0.80195406181924144828 0.03806623728798006617 0.01083888636558974668 0.00000000099999999995 0.00000000099999999995 0.00000000099999999995 0.00000000099999999995 0.14914081052718877740 
0.78779921794949558933 0.06290863459682827230 0.00000000099999999990 0.00000000099999999990 0.00000000099999999990 0.00000000099999999990 0.00268330812941604529 0.14660883532426008391 
0.76524248893763779922 0.03441593284364979910 0.01418775203139349683 0.00000000099999999995 0.00000000099999999995 0.00000000099999999995 0.00431941559763977193 0.18183440758967930884 
0.74987868434055504618 0.04421208678090425559 0.00906002439104068059 0.00000000099999999996 0.00000000099999999996 0.00000000099999999996 0.00000000099999999996 0.19684920048750012556 
0.75584929845242876389 0.10758215046669550308 0.00000000099999999992 0.00000000099999999992 0.00000000099999999992 0.00000000099999999992 0.01426507182238438524 0.12230347525849145918 
0.82415106553897465869 0.06765624981417993344 0.00000000099999999981 0.00000000099999999981 0.00000000099999999981 0.00000000099999999981 0.00000000099999999981 0.10819267964684550765 
0.87302646810973427716 0.05218731139351880793 0.00000000099999999989 0.00000000099999999989 0.00000000099999999989 0.00000000099999999989 0.00000000099999999989 0.07478621549674714653 
0.87052569992725248316 0.07288380074524677954 0.00000000099999999992 0.00000000099999999992 0.00000000099999999992 0.00000000099999999992 0.00242384637896845721 0.05416664894853242401 
0.89974841576681086064 0.04976837911387105989 0.00000000099999999988 0.00000000099999999988 0.00000003230506975890 0.00000000099999999988 0.00000000099999999988 0.05048316881424827485 
0.86110502302520885998 0.07477904470440564777 0.00000000099999999989 0.00000000099999999989 0.00000000099999999989 0.00000000099999999989 0.00000000099999999989 0.06411592727038560591 
0.91938224970508353184 0.00000000099999999981 0.00000000099999999981 0.00000000099999999981 0.00000000099999999981 0.00000000099999999981 0.00000000099999999981 0.08061774429491665173 
0.88403026524071315340 0.03074731636189685993 0.00000000099999999995 0.00000000099999999995 0.00000000099999999995 0.00000000099999999995 0.00000000099999999995 0.08522241339739013155 
0.90144033407175538919 0.03578734786821878566 0.00000000099999999991 0.00000000099999999991 0.00000000099999999991 0.00000000099999999991 0.00000000099999999991 0.06277231306002582778 
0.91625063232062231577 0.04881905996783979934 0.00000000099999999985 0.00000000099999999985 0.00000000099999999985 0.00000000099999999985 0.00000000099999999985 0.03493030271153791527 
0.92171666193884405072 0.02212273757284176703 0.00000000099999999980 0.00000000099999999980 0.00000000099999999980 0.00000000099999999980 0.00000000099999999980 0.05616059548831416753 
0.89007331041781379000 0.03516952726780605415 0.00000000099999999987 0.00000000099999999987 0.00000000099999999987 0.00000000099999999987 0.00000000099999999987 0.07475715731438022094 
0.92144178868991599707 0.01953679235380775120 0.00000000099999999980 0.00000000099999999980 0.00000000099999999980 0.00000000099999999980 0.00000000099999999980 0.05902141395627639314 
0.80509686209064867946 0.06051236494511556124 0.00000000099999999993 0.02337177736370486814 0.00000000099999999993 0.00000000099999999993 0.00000000099999999993 0.11101899160053105287 
0.90981724169062883067 0.00223302185777436886 0.00000000099999999988 0.00000000099999999988 0.00000000099999999988 0.00000000099999999988 0.00000000099999999988 0.08794973145159674932 
0.84316779423272014693 0.08359382678396241884 0.00000000099999999994 0.00000000099999999994 0.00000000099999999994 0.00000000099999999994 0.00194929605127134101 0.07128907893204601554 
0.02387269922544640183 0.00000000099999999995 0.53215355285061749502 0.15085071364325933208 0.25041301145502531389 0.04271001982565147265 0.00000000099999999995 0.00000000099999999995 
0.00000000099999999993 0.00000000099999999993 0.68014993172237725449 0.15714003974776324934 0.11023378958642802983 0.05247623494343126721 0.00000000099999999993 0.00000000099999999993 
0.00000000099999999996 0.01889420875983259182 0.69148282372495561976 0.14498122929430387607 0.14464171084268162559 0.00000002437822630369 0.00000000099999999996 0.00000000099999999996 
0.00000000099999999985 0.00000000099999999985 0.61414064253256228643 0.28810057876226213835 0.06101309981958548401 0.03674567488558991984 0.00000000099999999985 0.00000000099999999985 
0.13369989223278300194 0.00000000099999999997 0.61065313582882974064 0.13522976889843632553 0.09202766514655141838 0.02838953489339953243 0.00000000099999999997 0.00000000099999999997 
0.02867586028521918948 0.02141422567659165971 0.66946943821553916987 0.15361066002542250741 0.10041452876584690268 0.02378574035579821000 0.00000000099999999996 0.00262954567558244898 
0.00000000100000000000 0.01855244702523231246 0.62074901678728955368 0.18416045359699081962 0.13853826307159647357 0.01589271771279988921 0.00156622335325636583 0.02054087745283440444 
0.03187936759977723356 0.00000038775395178363 0.69373138044148074943 0.12018940503108882512 0.14456965239487604147 0.00000000099999999997 0.00000000099999999997 0.00962980477882541958 
0.00000000099999999985 0.00000000099999999985 0.77862817324029898192 0.16627331962680302890 0.04244162266247596127 0.01265688047042202134 0.00000000099999999985 0.00000000099999999985 
0.00000000099999999983 0.00000000099999999983 0.77212587812388377984 0.18257203865234003515 0.04530207822377602805 0.00000000099999999983 0.00000000099999999983 0.00000000099999999983 
0.00541960848301549416 0.00000000099999999994 0.85184981450690711036 0.10451561852406895947 0.03821495448600861072 0.00000000099999999994 0.00000000099999999994 0.00000000099999999994 
0.00000000099999999988 0.00000000099999999988 0.83589161193068484135 0.13622109456470793409 0.02783862030705159737 0.00004866919755556922 0.00000000099999999988 0.00000000099999999988 
0.07025864896878172838 0.00000000099999999993 0.70315037146407088908 0.16719325744012114576 0.05939771812702634296 0.00000000099999999993 0.00000000099999999993 0.00000000099999999993 
0.00000000099999999988 0.00000000099999999988 0.80106152039393274666 0.19893847360606739527 0.00000000099999999988 0.00000000099999999988 0.00000000099999999988 0.00000000099999999988 
0.00000000099999999996 0.00917775572110059688 0.65234158164450162243 0.18626723449721852011 0.11261738416896688308 0.01447022539736706609 0.00000000099999999996 0.02512581657084539746 
0.05014202007733938732 0.00000000099999999993 0.73413894612357499803 0.16474704441294199531 0.02884338905395621502 0.02212859733218740590 0.00000000099999999993 0.00000000099999999993 
