0.06683100733214046574 0.00000000099999999981 0.00000000099999999981 0.85353972726003002336 0.06941008152235228490 0.01021917888547726160 0.00000000099999999981 0.00000000099999999981 0.00000000099999999981 
0.06409008782754366251 0.00000000099999999987 0.00000000099999999987 0.87806044122989701517 0.04561668664089737341 0.01223277930166202614 0.00000000099999999987 0.00000000099999999987 0.00000000099999999987 
0.06482944598465034680 0.00000000099999999981 0.00000000099999999981 0.84021398458550378141 0.07966538414676037350 0.01529118028308554950 0.00000000099999999981 0.00000000099999999981 0.00000000099999999981 
0.13765007070806356548 0.00000000099999999995 0.00000000099999999995 0.68092887365475884831 0.05891209425889681883 0.12128882022097854654 0.00034657001593743359 0.00000000099999999995 0.00087356814136488087 
0.01385045208675385157 0.00000000099999999971 0.00000000099999999971 0.29334031339656818638 0.00000000099999999971 0.69280922851667781082 0.00000000099999999971 0.00000000099999999971 0.00000000099999999971 
0.02279399031198200629 0.00000000099999999975 0.00000000099999999975 0.28417594488301012312 0.00000000099999999975 0.69303005880500789804 0.00000000099999999975 0.00000000099999999975 0.00000000099999999975 
0.00000000099999999930 0.00000000099999999930 0.00000000099999999930 0.00000000099999999930 0.00000000099999999930 0.99999999200000011523 0.00000000099999999930 0.00000000099999999930 0.00000000099999999930 
0.00000000099999999920 0.00000000099999999920 0.00000000099999999920 0.00000000099999999920 0.00000000099999999920 0.99999999200000011523 0.00000000099999999920 0.00000000099999999920 0.00000000099999999920 
0.00000000130022179028 0.00000000099999999973 0.00000000099999999973 0.26895340418983076924 0.01764080970616388119 0.71340577980378361289 0.00000000099999999973 0.00000000099999999973 0.00000000099999999973 
0.14987800125920339167 0.00000000099999999991 0.00000000099999999991 0.72363498040035478809 0.02345091100629028563 0.09606613994844002968 0.00696996338571159463 0.00000000099999999991 0.00000000099999999991 
0.00000000099999999935 0.00000000099999999935 0.00000000099999999935 0.00000000099999999935 0.00000000099999999935 0.99999999200000000421 0.00000000099999999935 0.00000000099999999935 0.00000000099999999935 
0.06546449339612557539 0.00000000099999999981 0.00000000099999999981 0.86228674088842749423 0.06126593300665008485 0.01098282770879697307 0.00000000099999999981 0.00000000099999999981 0.00000000099999999981 
0.00000000099999999935 0.00000000099999999935 0.00000000099999999935 0.00000000099999999935 0.00000000099999999935 0.99999999200000011523 0.00000000099999999935 0.00000000099999999935 0.00000000099999999935 
0.00000000099999999928 0.00000000099999999928 0.00000000099999999928 0.00000000099999999928 0.00000000099999999928 0.99999999200000000421 0.00000000099999999928 0.00000000099999999928 0.00000000099999999928 
0.00000000099999999927 0.00000000099999999927 0.00000000099999999927 0.00000000099999999927 0.00000000099999999927 0.99999999200000000421 0.00000000099999999927 0.00000000099999999927 0.00000000099999999927 
0.00000000099999999924 0.00000000099999999924 0.00000000099999999924 0.00000000099999999924 0.00000000099999999924 0.99999999200000000421 0.00000000099999999924 0.00000000099999999924 0.00000000099999999924 
0.00000000099999999925 0.00000000099999999925 0.00000000099999999925 0.00000000099999999925 0.00000000099999999925 0.99999999200000000421 0.00000000099999999925 0.00000000099999999925 0.00000000099999999925 
0.00000000099999999933 0.00000000099999999933 0.00000000099999999933 0.00000000099999999933 0.00000000099999999933 0.99999999200000011523 0.00000000099999999933 0.00000000099999999933 0.00000000099999999933 
0.08052873308165801880 0.00000000099999999983 0.00000000099999999983 0.85327753539850703657 0.01609494090377702746 0.05009878561605799613 0.00000000099999999983 0.00000000099999999983 0.00000000099999999983 
0.00000000099999999936 0.00000000099999999936 0.00000000099999999936 0.00000000099999999936 0.00000000099999999936 0.99999999200000011523 0.00000000099999999936 0.00000000099999999936 0.00000000099999999936 
0.00000000099999999913 0.00000000099999999913 0.99999999200000011523 0.00000000099999999913 0.00000000099999999913 0.00000000099999999913 0.00000000099999999913 0.00000000099999999913 0.00000000099999999913 
0.00000000099999999929 0.00000000099999999929 0.99999999200000000421 0.00000000099999999929 0.00000000099999999929 0.00000000099999999929 0.00000000099999999929 0.00000000099999999929 0.00000000099999999929 
0.00000000099999999919 0.00000000099999999919 0.99999999200000011523 0.00000000099999999919 0.00000000099999999919 0.00000000099999999919 0.00000000099999999919 0.00000000099999999919 0.00000000099999999919 
0.00000000099999999973 0.00000000099999999973 0.99999999200000000421 0.00000000099999999973 0.00000000099999999973 0.00000000099999999973 0.00000000099999999973 0.00000000099999999973 0.00000000099999999973 
0.00000000099999999981 0.00000000099999999981 0.99999998375076704082 0.00000000099999999981 0.00000000099999999981 0.00000000924923301311 0.00000000099999999981 0.00000000099999999981 0.00000000099999999981 
0.00000000099999999978 0.00000000099999999978 0.99842808922274084438 0.00000000099999999978 0.00000000099999999978 0.00157190377725911919 0.00000000099999999978 0.00000000099999999978 0.00000000099999999978 
0.00000000099999999920 0.00000000099999999920 0.99999999200000000421 0.00000000099999999920 0.00000000099999999920 0.00000000099999999920 0.00000000099999999920 0.00000000099999999920 0.00000000099999999920 
0.00000000099999999929 0.00000000099999999929 0.99999999200000011523 0.00000000099999999929 0.00000000099999999929 0.00000000099999999929 0.00000000099999999929 0.00000000099999999929 0.00000000099999999929 
0.00000000099999999924 0.00000000099999999924 0.99999999200000000421 0.00000000099999999924 0.00000000099999999924 0.00000000099999999924 0.00000000099999999924 0.00000000099999999924 0.00000000099999999924 
0.00000000099999999925 0.00000000099999999925 0.99999999200000011523 0.00000000099999999925 0.00000000099999999925 0.00000000099999999925 0.00000000099999999925 0.00000000099999999925 0.00000000099999999925 
0.00000000099999999922 0.00000000099999999922 0.99999999200000000421 0.00000000099999999922 0.00000000099999999922 0.00000000099999999922 0.00000000099999999922 0.00000000099999999922 0.00000000099999999922 
0.00000000099999999928 0.00000000099999999928 0.99999999200000000421 0.00000000099999999928 0.00000000099999999928 0.00000000099999999928 0.00000000099999999928 0.00000000099999999928 0.00000000099999999928 
0.01985449686594260160 0.00000000099999999988 0.98014547163373544336 0.00000000315663188587 0.00000000099999999988 0.00000002334369013173 0.00000000099999999988 0.00000000099999999988 0.00000000099999999988 
0.00000000099999999969 0.00000000099999999969 0.99999999200000011523 0.00000000099999999969 0.00000000099999999969 0.00000000099999999969 0.00000000099999999969 0.00000000099999999969 0.00000000099999999969 
0.00000000099999999973 0.00000000099999999973 0.99999999200000011523 0.00000000099999999973 0.00000000099999999973 0.00000000099999999973 0.00000000099999999973 0.00000000099999999973 0.00000000099999999973 
0.00000000099999999966 0.00000000099999999966 0.99999999200000000421 0.00000000099999999966 0.00000000099999999966 0.00000000099999999966 0.00000000099999999966 0.00000000099999999966 0.00000000099999999966 
0.00000000099999999974 0.00000000099999999974 0.99999999200000000421 0.00000000099999999974 0.00000000099999999974 0.00000000099999999974 0.00000000099999999974 0.00000000099999999974 0.00000000099999999974 
0.00000000099999999978 0.00000000099999999978 0.99999999200000000421 0.00000000099999999978 0.00000000099999999978 0.00000000099999999978 0.00000000099999999978 0.00000000099999999978 0.00000000099999999978 
0.00000000099999999924 0.00000000099999999924 0.99999999200000000421 0.00000000099999999924 0.00000000099999999924 0.00000000099999999924 0.00000000099999999924 0.00000000099999999924 0.00000000099999999924 
0.00000000099999999971 0.00000000099999999971 0.99999999200000000421 0.00000000099999999971 0.00000000099999999971 0.00000000099999999971 0.00000000099999999971 0.00000000099999999971 0.00000000099999999971 
0.00000000099999999927 0.00000000099999999927 0.99999999200000011523 0.00000000099999999927 0.00000000099999999927 0.00000000099999999927 0.00000000099999999927 0.00000000099999999927 0.00000000099999999927 
0.00000000099999999978 0.00000000099999999978 0.99999999200000000421 0.00000000099999999978 0.00000000099999999978 0.00000000099999999978 0.00000000099999999978 0.00000000099999999978 0.00000000099999999978 
0.00000000099999999927 0.00000000099999999927 0.99999999200000011523 0.00000000099999999927 0.00000000099999999927 0.00000000099999999927 0.00000000099999999927 0.00000000099999999927 0.00000000099999999927 
0.00000000099999999955 0.00000000099999999955 0.99999999200000000421 0.00000000099999999955 0.00000000099999999955 0.00000000099999999955 0.00000000099999999955 0.00000000099999999955 0.00000000099999999955 
0.00000000099999999916 0.00000000099999999916 0.99999999200000000421 0.00000000099999999916 0.00000000099999999916 0.00000000099999999916 0.00000000099999999916 0.00000000099999999916 0.00000000099999999916 
0.00000000099999999984 0.00000000099999999984 0.99999999200000011523 0.00000000099999999984 0.00000000099999999984 0.00000000099999999984 0.00000000099999999984 0.00000000099999999984 0.00000000099999999984 
0.00000000099999999918 0.00000000099999999918 0.99999999200000011523 0.00000000099999999918 0.00000000099999999918 0.00000000099999999918 0.00000000099999999918 0.00000000099999999918 0.00000000099999999918 
0.00000000099999999929 0.00000000099999999929 0.99999999200000011523 0.00000000099999999929 0.00000000099999999929 0.00000000099999999929 0.00000000099999999929 0.00000000099999999929 0.00000000099999999929 
0.00000000099999999922 0.00000000099999999922 0.99999999200000011523 0.00000000099999999922 0.00000000099999999922 0.00000000099999999922 0.00000000099999999922 0.00000000099999999922 0.00000000099999999922 
0.00000000099999999926 0.00000000099999999926 0.99999999200000011523 0.00000000099999999926 0.00000000099999999926 0.00000000099999999926 0.00000000099999999926 0.00000000099999999926 0.00000000099999999926 
0.00000000099999999941 0.00000000099999999941 0.99999999200000011523 0.00000000099999999941 0.00000000099999999941 0.00000000099999999941 0.00000000099999999941 0.00000000099999999941 0.00000000099999999941 
0.00000000099999999933 0.00000000099999999933 0.99999999200000011523 0.00000000099999999933 0.00000000099999999933 0.00000000099999999933 0.00000000099999999933 0.00000000099999999933 0.00000000099999999933 
0.00000000099999999935 0.00000000099999999935 0.99999999200000011523 0.00000000099999999935 0.00000000099999999935 0.00000000099999999935 0.00000000099999999935 0.00000000099999999935 0.00000000099999999935 
0.00000000099999999969 0.00000000099999999969 0.99999999200000000421 0.00000000099999999969 0.00000000099999999969 0.00000000099999999969 0.00000000099999999969 0.00000000099999999969 0.00000000099999999969 
0.00000000099999999955 0.00000000099999999955 0.99941557081882914648 0.00000000099999999955 0.00058442218117089656 0.00000000099999999955 0.00000000099999999955 0.00000000099999999955 0.00000000099999999955 
0.00000000099999999932 0.00000000099999999932 0.99999999200000000421 0.00000000099999999932 0.00000000099999999932 0.00000000099999999932 0.00000000099999999932 0.00000000099999999932 0.00000000099999999932 
0.00000000099999999929 0.00000000099999999929 0.99999999200000011523 0.00000000099999999929 0.00000000099999999929 0.00000000099999999929 0.00000000099999999929 0.00000000099999999929 0.00000000099999999929 
0.00000000099999999933 0.00000000099999999933 0.99999999200000011523 0.00000000099999999933 0.00000000099999999933 0.00000000099999999933 0.00000000099999999933 0.00000000099999999933 0.00000000099999999933 
0.17425717595590792253 0.00000000099999999993 0.00000000099999999993 0.66125378951475088929 0.07521504253230817949 0.08927398699703309459 0.00000000099999999993 0.00000000099999999993 0.00000000099999999993 
0.09405047368154070830 0.01015162037187728426 0.00000000099999999996 0.66941685594325905928 0.05917296951985716313 0.16720807648346591723 0.00000000099999999996 0.00000000099999999996 0.00000000099999999996 
0.99999999200000011523 0.00000000099999999917 0.00000000099999999917 0.00000000099999999917 0.00000000099999999917 0.00000000099999999917 0.00000000099999999917 0.00000000099999999917 0.00000000099999999917 
0.24439662877515186401 0.00000000099999999994 0.00000000099999999994 0.61485841013717856818 0.04881018829910935275 0.08709107648841582505 0.00484369230014443722 0.00000000099999999994 0.00000000099999999994 
0.28028928116011986305 0.00000000099999999988 0.00000000099999999988 0.63636813972063011047 0.04644442805102345223 0.03689814606822663934 0.00000000099999999988 0.00000000099999999988 0.00000000099999999988 
0.26688376180705380980 0.00000000099999999995 0.00000000099999999995 0.61812731224579142708 0.03455846531367467306 0.05586788212717798408 0.02456257450630194156 0.00000000099999999995 0.00000000099999999995 
0.99999999200000011523 0.00000000099999999919 0.00000000099999999919 0.00000000099999999919 0.00000000099999999919 0.00000000099999999919 0.00000000099999999919 0.00000000099999999919 0.00000000099999999919 
0.99999999200000011523 0.00000000099999999915 0.00000000099999999915 0.00000000099999999915 0.00000000099999999915 0.00000000099999999915 0.00000000099999999915 0.00000000099999999915 0.00000000099999999915 
0.13889892840193637791 0.01476728766424288686 0.03388804832201872813 0.65928346104263491068 0.02914866751662519365 0.11244754853986377308 0.00000000099999999999 0.01156605651267809953 0.00000000099999999999 
0.17171871119197879008 0.01474435681902410387 0.00000000099999999994 0.69322726326367134497 0.00980068670338514296 0.11050897802194074859 0.00000000099999999994 0.00000000099999999994 0.00000000099999999994 
0.16479686173755089817 0.00000000099999999992 0.00000000102371141799 0.65352321628944509690 0.08055930595855012588 0.10112061099074248771 0.00000000099999999992 0.00000000099999999992 0.00000000099999999992 
0.28274213526926139650 0.00000000099999999995 0.00000000099999999995 0.55197005439506563462 0.08775516297296312440 0.07753264236270974996 0.00000000099999999995 0.00000000099999999995 0.00000000099999999995 
0.12656404361310605311 0.00000000099999999998 0.00278690472475193402 0.62259379339897047423 0.04873643471033374530 0.14335526720220137520 0.03744350617683732396 0.00000000099999999998 0.01852004817379932292 
0.99999999200000011523 0.00000000099999999925 0.00000000099999999925 0.00000000099999999925 0.00000000099999999925 0.00000000099999999925 0.00000000099999999925 0.00000000099999999925 0.00000000099999999925 
0.99999999200000022626 0.00000000099999999917 0.00000000099999999917 0.00000000099999999917 0.00000000099999999917 0.00000000099999999917 0.00000000099999999917 0.00000000099999999917 0.00000000099999999917 
0.99999999200000022626 0.00000000099999999921 0.00000000099999999921 0.00000000099999999921 0.00000000099999999921 0.00000000099999999921 0.00000000099999999921 0.00000000099999999921 0.00000000099999999921 
0.99999999200000011523 0.00000000099999999927 0.00000000099999999927 0.00000000099999999927 0.00000000099999999927 0.00000000099999999927 0.00000000099999999927 0.00000000099999999927 0.00000000099999999927 
0.99999999200000022626 0.00000000099999999921 0.00000000099999999921 0.00000000099999999921 0.00000000099999999921 0.00000000099999999921 0.00000000099999999921 0.00000000099999999921 0.00000000099999999921 
0.00000000099999999925 0.00000000099999999925 0.00000000099999999925 0.00000000099999999925 0.99999999200000000421 0.00000000099999999925 0.00000000099999999925 0.00000000099999999925 0.00000000099999999925 
0.00000000099999999924 0.00000000099999999924 0.00000000099999999924 0.00000000099999999924 0.99999999200000000421 0.00000000099999999924 0.00000000099999999924 0.00000000099999999924 0.00000000099999999924 
0.00000000099999999923 0.00000000099999999923 0.00000000099999999923 0.00000000099999999923 0.99999999200000000421 0.00000000099999999923 0.00000000099999999923 0.00000000099999999923 0.00000000099999999923 
0.00000000099999999924 0.00000000099999999924 0.00000000099999999924 0.00000000099999999924 0.99999999200000000421 0.00000000099999999924 0.00000000099999999924 0.00000000099999999924 0.00000000099999999924 
0.00000000099999999924 0.00000000099999999924 0.00000000099999999924 0.00000000099999999924 0.99999999200000011523 0.00000000099999999924 0.00000000099999999924 0.00000000099999999924 0.00000000099999999924 
0.00000000099999999922 0.00000000099999999922 0.00000000099999999922 0.00000000099999999922 0.99999999200000000421 0.00000000099999999922 0.00000000099999999922 0.00000000099999999922 0.00000000099999999922 
0.00000000099999999925 0.00000000099999999925 0.00000000099999999925 0.00000000099999999925 0.99999999200000000421 0.00000000099999999925 0.00000000099999999925 0.00000000099999999925 0.00000000099999999925 
0.00000000099999999916 0.00000000099999999916 0.00000000099999999916 0.00000000099999999916 0.99999999200000011523 0.00000000099999999916 0.00000000099999999916 0.00000000099999999916 0.00000000099999999916 
0.00000000099999999937 0.00000000099999999937 0.00000000099999999937 0.00000000099999999937 0.99999999200000000421 0.00000000099999999937 0.00000000099999999937 0.00000000099999999937 0.00000000099999999937 
0.00000000099999999919 0.00000000099999999919 0.00000000099999999919 0.00000000099999999919 0.99999999200000011523 0.00000000099999999919 0.00000000099999999919 0.00000000099999999919 0.00000000099999999919 
0.00000000099999999965 0.00000000099999999965 0.18825423600020185777 0.00000000099999999965 0.81174575699979811816 0.00000000099999999965 0.00000000099999999965 0.00000000099999999965 0.00000000099999999965 
0.00000000099999999945 0.00000000099999999945 0.00000000099999999945 0.00000000099999999945 0.99999999200000011523 0.00000000099999999945 0.00000000099999999945 0.00000000099999999945 0.00000000099999999945 
0.00000000099999999939 0.00000000099999999939 0.00000000099999999939 0.00000000099999999939 0.99999999200000011523 0.00000000099999999939 0.00000000099999999939 0.00000000099999999939 0.00000000099999999939 
0.00000000099999999932 0.00000000099999999932 0.00000000099999999932 0.00000000099999999932 0.99999999200000000421 0.00000000099999999932 0.00000000099999999932 0.00000000099999999932 0.00000000099999999932 
0.00000000099999999991 0.12018523169000804030 0.00000000099999999991 0.01857698824305665727 0.00538895418968993265 0.00000000099999999991 0.06996033340852000904 0.71744534712092877804 0.06844314234779667883 
0.00000000099999999964 0.00000000099999999964 0.00000000099999999964 0.00000000099999999964 0.00000000099999999964 0.00000000099999999964 0.01782706835433732137 0.91062116296483952560 0.07155176268082327762 
0.00000000099999999971 0.00883586038804244980 0.00000000099999999971 0.00000000099999999971 0.00000000099999999971 0.00000000099999999971 0.00000000099999999971 0.94278602403523803499 0.04837810957671962592 
0.00000000099999999995 0.11622792375602905568 0.00645195520484432346 0.00001092212761067275 0.00000000099999999995 0.00000000099999999995 0.06904685759137732526 0.77572657890865126529 0.03253575941148732081 
0.00000000099999999961 0.00000000099999999961 0.00000000099999999961 0.00000000099999999961 0.00000000099999999961 0.00000000099999999961 0.00000000099999999961 0.95093682684768710001 0.04906316615231286205 
0.00000000099999999974 0.00000000099999999974 0.00000000099999999974 0.00000000099999999974 0.00000000099999999974 0.00000000099999999974 0.00000000099999999974 0.94656917398351103632 0.05343081901648896043 
0.00000000099999999992 0.04172585149919542935 0.00000000099999999992 0.00000000099999999992 0.00574298148478066643 0.00000000099999999992 0.04415805461081721839 0.77446991457504710255 0.13390319383015950039 
0.01209947364508540471 0.13133046531142539282 0.00000000099999999989 0.00000000099999999989 0.00000000099999999989 0.00000000099999999989 0.04829123866796072861 0.70319112295767638443 0.10508769541785208113 
0.00000000099999999973 0.00000000099999999973 0.00000000099999999973 0.00000000099999999973 0.00000000099999999973 0.00000000099999999973 0.00000000099999999973 0.99999999199999989319 0.00000000099999999973 
0.00000000099999999985 0.08832616941510718078 0.00000000099999999985 0.00000000099999999985 0.00000000099999999985 0.00000000099999999985 0.04566627710685691732 0.79008201740927441747 0.07592553106876145930 
0.00000000099999999985 0.07826610382708686087 0.00000000099999999985 0.00000000099999999985 0.00000000099999999985 0.00000000099999999985 0.09718622036653278007 0.77200356734684949522 0.05254410345953090117 
0.00000000099999999968 0.00000000099999999968 0.00000000099999999968 0.00000000099999999968 0.00000000099999999968 0.00000000099999999968 0.00000000099999999968 0.99999999199999989319 0.00000000099999999968 
0.00000000099999999992 0.00509187488924796056 0.00000000099999999992 0.00000000099999999992 0.00000000099999999992 0.01037769483417808579 0.00000000099999999992 0.90858004368461764422 0.07595038159195630079 
0.00000000099999999968 0.00000000099999999968 0.00000000099999999968 0.00000000099999999968 0.00000000099999999968 0.00000000099999999968 0.00000000099999999968 0.99999999199999989319 0.00000000099999999968 
0.00000000099999999987 0.13276366481887960647 0.00000000099999999987 0.00000000099999999987 0.00000000099999999987 0.00000000099999999987 0.05071925557376005811 0.72261158390907598292 0.09390549069828431350 
0.00000000099999999967 0.00000000099999999967 0.00000000099999999967 0.00000000099999999967 0.00000000099999999967 0.00000000099999999967 0.00000000099999999967 0.99999999200000000421 0.00000000099999999967 
0.00000000099999999970 0.00000000099999999970 0.00000000099999999970 0.00000000099999999970 0.00000000099999999970 0.00000000099999999970 0.00000000099999999970 0.99999999199999989319 0.00000000099999999970 
0.00000000099999999967 0.00000000099999999967 0.00000000099999999967 0.00000000099999999967 0.00000000099999999967 0.00000000099999999967 0.00000000099999999967 0.99999999199999989319 0.00000000099999999967 
0.00000000099999999963 0.00000000099999999963 0.00000000099999999963 0.00000000099999999963 0.00000000099999999963 0.00000000099999999963 0.00000000099999999963 0.99999999200000000421 0.00000000099999999963 
0.00000000099999999970 0.00000000099999999970 0.00000000099999999970 0.00000000099999999970 0.00000000099999999970 0.00000000099999999970 0.00000000099999999970 0.95378737446061079286 0.04621261853938928715 
0.00000000099999999921 0.00000000099999999921 0.00000000099999999921 0.00000000099999999921 0.00000000099999999921 0.00000000099999999921 0.99999999199999989319 0.00000000099999999921 0.00000000099999999921 
0.00000000099999999925 0.00000000099999999925 0.00000000099999999925 0.00000000099999999925 0.00000000099999999925 0.00000000099999999925 0.99999999200000000421 0.00000000099999999925 0.00000000099999999925 
0.00000000099999999988 0.00000000180920862089 0.00000000099999999988 0.00000000099999999988 0.01899302826220639062 0.00000000099999999988 0.73857760021598806155 0.23071014170516307429 0.01171922400743386980 
0.00000000099999999942 0.00000000099999999942 0.00000000099999999942 0.00000000099999999942 0.00000000099999999942 0.00000000099999999942 0.99999999200000000421 0.00000000099999999942 0.00000000099999999942 
0.00000000099999999920 0.00000000099999999920 0.00000000099999999920 0.00000000099999999920 0.00000000099999999920 0.00000000099999999920 0.99999999199999989319 0.00000000099999999920 0.00000000099999999920 
0.00000000099999999926 0.00000000099999999926 0.00000000099999999926 0.00000000099999999926 0.00000000099999999926 0.00000000099999999926 0.99999999199999989319 0.00000000099999999926 0.00000000099999999926 
0.00000000099999999932 0.00000000099999999932 0.00000000099999999932 0.00000000099999999932 0.00000000099999999932 0.00000000099999999932 0.99999999200000000421 0.00000000099999999932 0.00000000099999999932 
0.00000000099999999922 0.00000000099999999922 0.00000000099999999922 0.00000000099999999922 0.00000000099999999922 0.00000000099999999922 0.99999999200000000421 0.00000000099999999922 0.00000000099999999922 
0.00000000099999999926 0.00000000099999999926 0.00000000099999999926 0.00000000099999999926 0.00000000099999999926 0.00000000099999999926 0.99999999200000000421 0.00000000099999999926 0.00000000099999999926 
0.00000000099999999994 0.02829005671990953222 0.00000000099999999994 0.00000000099999999994 0.03203505799567323009 0.00000000099999999994 0.71901858164389231831 0.19003866822537712755 0.03061763141514778352 
0.00000000099999999927 0.00000000099999999927 0.00000000099999999927 0.00000000099999999927 0.00000000099999999927 0.00000000099999999927 0.99999999199999989319 0.00000000099999999927 0.00000000099999999927 
0.00000000099999999931 0.00000000099999999931 0.00000000099999999931 0.00000000099999999931 0.00000000099999999931 0.00000000099999999931 0.99999999199999989319 0.00000000099999999931 0.00000000099999999931 
0.00000000099999999939 0.00000000099999999939 0.00000000099999999939 0.00000000099999999939 0.00000000099999999939 0.00000000099999999939 0.99999999200000000421 0.00000000099999999939 0.00000000099999999939 
0.00000000099999999944 0.00000000099999999944 0.00000000099999999944 0.00000000099999999944 0.00000000099999999944 0.00000000099999999944 0.99999999199999989319 0.00000000099999999944 0.00000000099999999944 
0.00000000099999999943 0.00000000099999999943 0.00000000099999999943 0.00000000099999999943 0.00000000099999999943 0.00000000099999999943 0.99999999200000000421 0.00000000099999999943 0.00000000099999999943 
0.00000000099999999927 0.00000000099999999927 0.00000000099999999927 0.00000000099999999927 0.00000000099999999927 0.00000000099999999927 0.99999999200000000421 0.00000000099999999927 0.00000000099999999927 
0.00000000099999999931 0.00000000099999999931 0.00000000099999999931 0.00000000099999999931 0.00000000099999999931 0.00000000099999999931 0.99999999200000000421 0.00000000099999999931 0.00000000099999999931 
0.00000000099999999946 0.00000000099999999946 0.00000000099999999946 0.00000000099999999946 0.00000000099999999946 0.00000000099999999946 0.99999999199999989319 0.00000000099999999946 0.00000000099999999946 
0.00000000099999999948 0.00000000099999999948 0.00000000099999999948 0.00000000099999999948 0.00000000099999999948 0.00000000099999999948 0.99999999200000000421 0.00000000099999999948 0.00000000099999999948 
0.00000000099999999999 0.14578972581762580929 0.02313425612978494555 0.06021084818566146274 0.04027897702531792190 0.00091888255461680549 0.30032329509634997367 0.33691459672544665782 0.09242941746519625634 
0.02944825860289213004 0.06709555960054115753 0.00000000099999999999 0.08961817970009441914 0.03426059138049227654 0.00000000099999999999 0.31665183653538958586 0.35285619818949787163 0.11006937399109266440 
0.00796584652759536362 0.11685274518157665047 0.00000000099999999998 0.06140159375257252250 0.04786394043238453855 0.02032040464009752731 0.28525128106496477898 0.36852400252250844259 0.09182018487830027886 
0.01239182858826506743 0.02268638985228808858 0.00000000099999999998 0.10344739550405208928 0.03498697244111875770 0.00000000099999999998 0.28978628386041827003 0.41027450732438902614 0.12642662042946867240 
0.00424728073943368614 0.08986872612643898028 0.00000000099999999998 0.07672877956036300295 0.01957730066124682353 0.00000000099999999998 0.30843207993684235158 0.36624155519792522817 0.13490427577774993795 
0.00434324783992158774 0.07975548504110643866 0.00000000099999999998 0.05192760496670684178 0.06863334252677730229 0.00000000099999999998 0.35631050353456245050 0.33033721508000868372 0.10869259901091662956 
0.04944720839662805623 0.10663619722175406157 0.00000000099999999999 0.04065845972239364586 0.06550679194208329503 0.00000000099999999999 0.28780007618515623946 0.38113719873587059705 0.06881406579611418217 
0.02156837763024588642 0.09609422307829580678 0.01344631094700367638 0.04739694882715264623 0.05894887056174089729 0.00465218921129052689 0.28014599676198481681 0.37302207544171533948 0.10472500754057048611 
0.02106589758222042127 0.00004971197775208779 0.00000000100000000000 0.03401690217378739584 0.03555650342995513025 0.01229653435262179420 0.27643834164617792082 0.52961387113172953001 0.09096223670575581677 
0.04100402030031707890 0.00000000099999999996 0.00000000099999999996 0.00000000099999999996 0.06258572962968761422 0.00002982934763570325 0.23992521667322244672 0.61154285196244695388 0.04491234908669018699 
0.02436700744060592977 0.06631834251553010706 0.02642987674317361091 0.06401185822617505572 0.00846279808011699518 0.00000000099999999999 0.30294845014048771281 0.45195218418970489749 0.05550948166420562740 
0.00000000099999999998 0.06777799215701574287 0.00000000099999999998 0.07760085289468204861 0.03145640632511727958 0.00000000099999999998 0.34407999487471596645 0.38159624198751429525 0.09748850876095481455 
0.03174401126273834056 0.00000000099999999997 0.00000000099999999997 0.00000000099999999997 0.06734643793468349238 0.00983319817733249897 0.26855906682041991163 0.56180019196842456708 0.06071709083640122739 
0.01294969869247463400 0.00000000100000000000 0.02757766599467964194 0.02805291263206886182 0.03384344062284705412 0.00861030132463684074 0.24371531814139923977 0.52396033922079110479 0.12129032237110254355 
0.04254818797366847344 0.00000000099999999995 0.00000000099999999995 0.00000000099999999995 0.06797484858402419450 0.00000000099999999995 0.27991504581633519511 0.53647404388555142152 0.07308786974042084938 
0.04106643433264701298 0.00000000099999999998 0.00624878361452497338 0.00000000099999999998 0.09210275660545758081 0.00000000099999999998 0.23994379779740487857 0.54126121434574114843 0.07937701030422436577 
0.04082810813222127050 0.00000000099999999996 0.00000000099999999996 0.00000000099999999996 0.06146312734554280899 0.00000000099999999996 0.27647586114178329675 0.54762401257658543940 0.07360888680386723504 
0.02926287939704869459 0.00000000099999999990 0.00000000099999999990 0.88858495583304519805 0.02703639201249148985 0.05511576775741459933 0.00000000099999999990 0.00000000099999999990 0.00000000099999999990 
0.03746909114902131910 0.00000000099999999977 0.00000000099999999977 0.96253090185097867071 0.00000000099999999977 0.00000000099999999977 0.00000000099999999977 0.00000000099999999977 0.00000000099999999977 
0.05132163752262812462 0.00000000099999999984 0.00000000099999999984 0.89671480128592684355 0.00000000099999999984 0.05196355519144517376 0.00000000099999999984 0.00000000099999999984 0.00000000099999999984 
0.08882025275395837027 0.00000000099999999985 0.00000000099999999985 0.81369193865237599006 0.01609489586417415727 0.08139290772949145381 0.00000000099999999985 0.00000000099999999985 0.00000000099999999985 
0.03288335850889232553 0.00000000099999999982 0.00000000099999999982 0.96711663449110774060 0.00000000099999999982 0.00000000099999999982 0.00000000099999999982 0.00000000099999999982 0.00000000099999999982 
0.08068179979073153429 0.00000000099999999990 0.01327681595301009529 0.85255984008172847055 0.00011445637752444770 0.05336708379700558225 0.00000000099999999990 0.00000000099999999990 0.00000000099999999990 
0.11906515709579439111 0.00000000099999999983 0.00000000099999999983 0.86258289219024830707 0.00000000099999999983 0.01835194471395730498 0.00000000099999999983 0.00000000099999999983 0.00000000099999999983 
0.06240811876104446904 0.00000000099999999989 0.00000000099999999989 0.89615100221088817012 0.03075718619094942527 0.01068368783711788617 0.00000000099999999989 0.00000000099999999989 0.00000000099999999989 
0.08493074279624163170 0.00000000099999999974 0.00000000099999999974 0.91506925020375851076 0.00000000099999999974 0.00000000099999999974 0.00000000099999999974 0.00000000099999999974 0.00000000099999999974 
0.08474092937508458101 0.00000000099999999984 0.00000000099999999984 0.91525906362491560309 0.00000000099999999984 0.00000000099999999984 0.00000000099999999984 0.00000000099999999984 0.00000000099999999984 
0.11210025584387801889 0.00000000099999999984 0.00000000099999999984 0.78532897710974169936 0.06382709674692302326 0.03874366529945731663 0.00000000099999999984 0.00000000099999999984 0.00000000099999999984 
0.12410759078338867711 0.00000000099999999994 0.00000000099999999994 0.84475800360739072836 0.00077041003274050737 0.03036399049298203062 0.00000000108349800724 0.00000000099999999994 0.00000000099999999994 
0.09332374370925587692 0.00000000099999999990 0.00000000099999999990 0.82687206403841273517 0.01961845755215379378 0.06018572970017769391 0.00000000099999999990 0.00000000099999999990 0.00000000099999999990 
0.12566436289430779616 0.00000000099999999977 0.00000000099999999977 0.82825434076610460199 0.02714642508222643233 0.01893486625736112358 0.00000000099999999977 0.00000000099999999977 0.00000000099999999977 
0.03585440332220075910 0.00000000099999999980 0.00000000099999999980 0.90758027776717054014 0.00731961069021080848 0.04924570322041803283 0.00000000099999999980 0.00000000099999999980 0.00000000099999999980 
0.08395796331659452494 0.00000000099999999992 0.00000000099999999992 0.88255827999202862699 0.02301000420578966366 0.00860670490126249146 0.00000000099999999992 0.00000000099999999992 0.00186704358432489021 
0.00000000099999999973 0.00000000099999999973 0.00000000099999999973 0.99999999200000000421 0.00000000099999999973 0.00000000099999999973 0.00000000099999999973 0.00000000099999999973 0.00000000099999999973 
0.10853833370147236703 0.00000000099999999984 0.00000000099999999984 0.70735955585193388551 0.04648081527055513557 0.13762129017603860759 0.00000000099999999984 0.00000000099999999984 0.00000000099999999984 
0.13462107334976550210 0.00000000099999999992 0.00000000099999999992 0.72370872684931220054 0.07671709976425916677 0.06495308985624925757 0.00000000099999999992 0.00000000099999999992 0.00000000618041401193 
0.13735345429453837962 0.00000000099999999991 0.00000000099999999991 0.66217042096785261318 0.02610134883610569154 0.17437477090150335646 0.00000000099999999991 0.00000000099999999991 0.00000000099999999991 
0.12464230162115376432 0.00000000099999999986 0.00000000099999999986 0.68018196933681362992 0.04468954864180683939 0.15048617540022563022 0.00000000099999999986 0.00000000099999999986 0.00000000099999999986 
0.07938717513906592971 0.00000000099999999988 0.00000000099999999988 0.74438836321167589638 0.02773728649872693811 0.14848717015053131130 0.00000000099999999988 0.00000000099999999988 0.00000000099999999988 
0.09527663512652266575 0.00000000099999999986 0.00000000099999999986 0.74148452141782550395 0.01703863334644630315 0.14620020510920558876 0.00000000099999999986 0.00000000099999999986 0.00000000099999999986 
0.17235563196616346393 0.00000000099999999992 0.00000000099999999992 0.66350208123281639860 0.08844893986635594951 0.07569334193466432936 0.00000000099999999992 0.00000000099999999992 0.00000000099999999992 
0.08354308845404470607 0.00000000099999999982 0.00000000099999999982 0.73312832916913983627 0.04116238001010403408 0.14216619736671154417 0.00000000099999999982 0.00000000099999999982 0.00000000099999999982 
0.15094284728793438966 0.00000000099999999996 0.00000000099999999996 0.55564784513774800878 0.05285850107205847248 0.24055079207891347237 0.00000001042334573878 0.00000000099999999996 0.00000000099999999996 
0.13442163841462190232 0.00000000099999999989 0.00000000099999999989 0.69802150509471638795 0.03515569503905692506 0.13240115645160485669 0.00000000099999999989 0.00000000099999999989 0.00000000099999999989 
0.08444895958717377193 0.00000000099999999987 0.03713953072169515895 0.67557249038748290459 0.08858357101468389283 0.11425544428896440563 0.00000000099999999987 0.00000000099999999987 0.00000000099999999987 
0.07487056041361704606 0.00000000099999999985 0.00000000099999999985 0.72613526394563909783 0.02784205368472850509 0.17115211695601537101 0.00000000099999999985 0.00000000099999999985 0.00000000099999999985 
0.07211301618438886729 0.00000000099999999996 0.00000000099999999996 0.67095410351835194085 0.00418151748697961553 0.24049225292561110523 0.00000000099999999996 0.01225910588466846800 0.00000000099999999996 
0.08743983632908168546 0.00000000099999999993 0.03509378493383216724 0.73776513472990790099 0.01308954327324954488 0.12661169673392863588 0.00000000099999999993 0.00000000099999999993 0.00000000099999999993 
0.08481688271098898613 0.00000000099999999986 0.00000000099999999986 0.75510418331322115559 0.04701344564784118440 0.11306548332794871814 0.00000000099999999986 0.00000000099999999986 0.00000000099999999986 
0.07896657661921879789 0.00000000099999999984 0.00000000275371001461 0.75341879815638101991 0.04687718900905001040 0.12073742946164021939 0.00000000099999999984 0.00000000099999999984 0.00000000099999999984 
0.12486641227696569645 0.00000000099999999991 0.01657563670082059029 0.61786246073289141645 0.03963003001210411297 0.20106545627721839065 0.00000000099999999991 0.00000000099999999991 0.00000000099999999991 
0.11786104048799364574 0.00000000099999999995 0.00000000099999999995 0.70309813378699370645 0.03698609401204649982 0.13289214279804234531 0.00000000099999999995 0.00916258491492381345 0.00000000099999999995 
0.02642855873986185017 0.00000000099999999989 0.00000000099999999989 0.76973730810607809971 0.06226582407141694614 0.14156830408264323151 0.00000000099999999989 0.00000000099999999989 0.00000000099999999989 
0.08693847635160291409 0.00000000099999999994 0.00449421723145694736 0.68397776309951885398 0.03351303771411646287 0.17741524214481263488 0.00000000099999999994 0.01366126045849226645 0.00000000099999999994 
0.08104613975038719997 0.00000000099999999996 0.00000000099999999996 0.67781956644756691244 0.05667335957413074249 0.18087727575426615356 0.00000000099999999996 0.00358365447364894204 0.00000000099999999996 
0.15395969054762190242 0.00000000099999999992 0.01400273289050800625 0.61325098894057850085 0.10624205315911436354 0.11254453046217718915 0.00000000099999999992 0.00000000099999999992 0.00000000099999999992 
0.08333782118553068052 0.00000000099999999981 0.00000000099999999981 0.76868210789503887970 0.05792364674235795513 0.09005641917707254973 0.00000000099999999981 0.00000000099999999981 0.00000000099999999981 
0.08019689147993779021 0.00000000099999999988 0.00000000099999999988 0.82406270127649572377 0.05120291338492838351 0.04453748885863813983 0.00000000099999999988 0.00000000099999999988 0.00000000099999999988 
0.15355342036167698994 0.00000000099999999992 0.00006933576004065907 0.73098098135569378186 0.07538336448212694385 0.04001289404046174530 0.00000000099999999992 0.00000000099999999992 0.00000000099999999992 
0.08921123300433125847 0.00000000099999999988 0.00000000099999999988 0.85000193755497321924 0.04374686001297468235 0.01703996442772085992 0.00000000099999999988 0.00000000099999999988 0.00000000099999999988 
0.08727550147233723021 0.00000000099999999989 0.00000000099999999989 0.79250479543823404427 0.07057192546952198442 0.04964777261990664659 0.00000000099999999989 0.00000000099999999989 0.00000000099999999989 
0.00778030813069598235 0.00000000099999999981 0.00000000099999999981 0.93993089736854273930 0.00000000099999999981 0.05228878850076129625 0.00000000099999999981 0.00000000099999999981 0.00000000099999999981 
0.13746446904369524766 0.00000000099999999994 0.00000000099999999994 0.75542559490016369939 0.03537063614070443812 0.07173929491543669379 0.00000000099999999994 0.00000000099999999994 0.00000000099999999994 
