0.00000000099999999975 0.06762107503606175352 0.06418956352962730538 0.00000000099999999975 0.00000000099999999975 0.00000000099999999975 0.00000000099999999975 0.00000000099999999975 0.85971124487182137841 0.00847810956248954903 0.00000000099999999975 
0.00000000099999999983 0.04128633263463025310 0.06474295578803723750 0.00000000099999999983 0.00000000099999999983 0.00000000099999999983 0.00000000099999999983 0.00000000099999999983 0.88231101030022962561 0.01165969427710272961 0.00000000099999999983 
0.00000000099999999976 0.07620287862736352391 0.06331419904074778171 0.00000000099999999976 0.00000000099999999976 0.00000000099999999976 0.00000000099999999976 0.00000000099999999976 0.84595667078690139906 0.01452624454498718451 0.00000000099999999976 
0.00000000099999999993 0.05831869277331605539 0.14494072860754550480 0.00111386365827488044 0.00000000099999999993 0.00000000099999999993 0.00001081606296696995 0.00000000099999999993 0.67497750229855191240 0.12063839159934469647 0.00000000099999999993 
0.00000000099999999961 0.00000000099999999961 0.01059100120826051913 0.00000000099999999961 0.00000000099999999961 0.00000000099999999961 0.00000000099999999961 0.00000000099999999961 0.29532633059671986597 0.69408266019501962951 0.00000000099999999961 
0.00000000099999999967 0.00000000099999999967 0.01633916092551750826 0.00000000099999999967 0.00000000099999999967 0.00000000099999999967 0.00000000099999999967 0.00000000099999999967 0.28702609071826029608 0.69663474035622208191 0.00000000099999999967 
0.00000000099999999912 0.00000000099999999912 0.00000000099999999912 0.00000000099999999912 0.00000000099999999912 0.00000000099999999912 0.00000000099999999912 0.00000000099999999912 0.00000000099999999912 0.99999998999999994975 0.00000000099999999912 
0.00000000099999999898 0.00000000099999999898 0.00000000099999999898 0.00000000099999999898 0.00000000099999999898 0.00000000099999999898 0.00000000099999999898 0.00000000099999999898 0.00000000099999999898 0.99999998999999983873 0.00000000099999999898 
0.00000000099999999964 0.01647570096226194311 0.00000000099999999964 0.00000000099999999964 0.00000000099999999964 0.00000000099999999964 0.00000000099999999964 0.00000000099999999964 0.27017203090548824740 0.71335226013224972696 0.00000000099999999964 
0.00000000099999999989 0.02252971345273449208 0.14928930690480263221 0.00000000099999999989 0.00000000099999999989 0.00000000099999999989 0.00706311122795071338 0.00000000099999999989 0.72425672492045733986 0.09686113749405486639 0.00000000099999999989 
0.00000000099999999917 0.00000000099999999917 0.00000000099999999917 0.00000000099999999917 0.00000000099999999917 0.00000000099999999917 0.00000000099999999917 0.00000000099999999917 0.00000000099999999917 0.99999999000000006077 0.00000000099999999917 
0.00000000099999999976 0.05855897858955091961 0.06362156335161568699 0.00000000099999999976 0.00000000099999999976 0.00000000099999999976 0.00000000099999999976 0.00000000099999999976 0.86716467559704046852 0.01065477546179274815 0.00000000099999999976 
0.00000000099999999919 0.00000000099999999919 0.00000000099999999919 0.00000000099999999919 0.00000000099999999919 0.00000000099999999919 0.00000000099999999919 0.00000000099999999919 0.00000000099999999919 0.99999999000000006077 0.00000000099999999919 
0.00000000099999999909 0.00000000099999999909 0.00000000099999999909 0.00000000099999999909 0.00000000099999999909 0.00000000099999999909 0.00000000099999999909 0.00000000099999999909 0.00000000099999999909 0.99999999000000006077 0.00000000099999999909 
0.00000000099999999908 0.00000000099999999908 0.00000000099999999908 0.00000000099999999908 0.00000000099999999908 0.00000000099999999908 0.00000000099999999908 0.00000000099999999908 0.00000000099999999908 0.99999999000000006077 0.00000000099999999908 
0.00000000099999999905 0.00000000099999999905 0.00000000099999999905 0.00000000099999999905 0.00000000099999999905 0.00000000099999999905 0.00000000099999999905 0.00000000099999999905 0.00000000099999999905 0.99999999000000006077 0.00000000099999999905 
0.00000000099999999907 0.00000000099999999907 0.00000000099999999907 0.00000000099999999907 0.00000000099999999907 0.00000000099999999907 0.00000000099999999907 0.00000000099999999907 0.00000000099999999907 0.99999999000000006077 0.00000000099999999907 
0.00000000099999999916 0.00000000099999999916 0.00000000099999999916 0.00000000099999999916 0.00000000099999999916 0.00000000099999999916 0.00000000099999999916 0.00000000099999999916 0.00000000099999999916 0.99999999000000006077 0.00000000099999999916 
0.00000000099999999976 0.01304481014932419580 0.07532103233727933944 0.00000000099999999976 0.00000000099999999976 0.00000000099999999976 0.00000000099999999976 0.00000000099999999976 0.86214906540051705619 0.04948508511287946776 0.00000000099999999976 
0.00000000099999999920 0.00000000099999999920 0.00000000099999999920 0.00000000099999999920 0.00000000099999999920 0.00000000099999999920 0.00000000099999999920 0.00000000099999999920 0.00000000099999999920 0.99999998999999994975 0.00000000099999999920 
0.00000000099999999907 0.00000000099999999907 0.00000000099999999907 0.00000000099999999907 0.00000000099999999907 0.00000000099999999907 0.00000000099999999907 0.99999999000000006077 0.00000000099999999907 0.00000000099999999907 0.00000000099999999907 
0.00000000099999999917 0.00000000099999999917 0.00000000099999999917 0.00000000099999999917 0.00000000099999999917 0.00000000099999999917 0.00000000099999999917 0.99999998999999994975 0.00000000099999999917 0.00000000099999999917 0.00000000099999999917 
0.00000000099999999910 0.00000000099999999910 0.00000000099999999910 0.00000000099999999910 0.00000000099999999910 0.00000000099999999910 0.00000000099999999910 0.99999999000000006077 0.00000000099999999910 0.00000000099999999910 0.00000000099999999910 
0.99999999000000017180 0.00000000099999999901 0.00000000099999999901 0.00000000099999999901 0.00000000099999999901 0.00000000099999999901 0.00000000099999999901 0.00000000099999999901 0.00000000099999999901 0.00000000099999999901 0.00000000099999999901 
0.99999999000000017180 0.00000000099999999885 0.00000000099999999885 0.00000000099999999885 0.00000000099999999885 0.00000000099999999885 0.00000000099999999885 0.00000000099999999885 0.00000000099999999885 0.00000000099999999885 0.00000000099999999885 
0.99999999000000017180 0.00000000099999999901 0.00000000099999999901 0.00000000099999999901 0.00000000099999999901 0.00000000099999999901 0.00000000099999999901 0.00000000099999999901 0.00000000099999999901 0.00000000099999999901 0.00000000099999999901 
0.00000000099999999906 0.00000000099999999906 0.00000000099999999906 0.00000000099999999906 0.00000000099999999906 0.00000000099999999906 0.00000000099999999906 0.99999999000000006077 0.00000000099999999906 0.00000000099999999906 0.00000000099999999906 
0.00000000099999999914 0.00000000099999999914 0.00000000099999999914 0.00000000099999999914 0.00000000099999999914 0.00000000099999999914 0.00000000099999999914 0.99999998999999994975 0.00000000099999999914 0.00000000099999999914 0.00000000099999999914 
0.00000000099999999911 0.00000000099999999911 0.00000000099999999911 0.00000000099999999911 0.00000000099999999911 0.00000000099999999911 0.00000000099999999911 0.99999998999999994975 0.00000000099999999911 0.00000000099999999911 0.00000000099999999911 
0.00000000099999999912 0.00000000099999999912 0.00000000099999999912 0.00000000099999999912 0.00000000099999999912 0.00000000099999999912 0.00000000099999999912 0.99999999000000006077 0.00000000099999999912 0.00000000099999999912 0.00000000099999999912 
0.00000000099999999913 0.00000000099999999913 0.00000000099999999913 0.00000000099999999913 0.00000000099999999913 0.00000000099999999913 0.00000000099999999913 0.99999998999999994975 0.00000000099999999913 0.00000000099999999913 0.00000000099999999913 
0.00000000099999999912 0.00000000099999999912 0.00000000099999999912 0.00000000099999999912 0.00000000099999999912 0.00000000099999999912 0.00000000099999999912 0.99999999000000006077 0.00000000099999999912 0.00000000099999999912 0.00000000099999999912 
0.99999999000000028282 0.00000000099999999901 0.00000000099999999901 0.00000000099999999901 0.00000000099999999901 0.00000000099999999901 0.00000000099999999901 0.00000000099999999901 0.00000000099999999901 0.00000000099999999901 0.00000000099999999901 
0.99999999000000006077 0.00000000099999999879 0.00000000099999999879 0.00000000099999999879 0.00000000099999999879 0.00000000099999999879 0.00000000099999999879 0.00000000099999999879 0.00000000099999999879 0.00000000099999999879 0.00000000099999999879 
0.99999999000000006077 0.00000000099999999896 0.00000000099999999896 0.00000000099999999896 0.00000000099999999896 0.00000000099999999896 0.00000000099999999896 0.00000000099999999896 0.00000000099999999896 0.00000000099999999896 0.00000000099999999896 
0.99999999000000017180 0.00000000099999999897 0.00000000099999999897 0.00000000099999999897 0.00000000099999999897 0.00000000099999999897 0.00000000099999999897 0.00000000099999999897 0.00000000099999999897 0.00000000099999999897 0.00000000099999999897 
0.99999999000000006077 0.00000000099999999892 0.00000000099999999892 0.00000000099999999892 0.00000000099999999892 0.00000000099999999892 0.00000000099999999892 0.00000000099999999892 0.00000000099999999892 0.00000000099999999892 0.00000000099999999892 
0.99999999000000017180 0.00000000099999999892 0.00000000099999999892 0.00000000099999999892 0.00000000099999999892 0.00000000099999999892 0.00000000099999999892 0.00000000099999999892 0.00000000099999999892 0.00000000099999999892 0.00000000099999999892 
0.00000000099999999907 0.00000000099999999907 0.00000000099999999907 0.00000000099999999907 0.00000000099999999907 0.00000000099999999907 0.00000000099999999907 0.99999999000000006077 0.00000000099999999907 0.00000000099999999907 0.00000000099999999907 
0.34510665627825715118 0.00000000099999999964 0.00000000099999999964 0.00000000099999999964 0.00000000099999999964 0.00000000099999999964 0.00000000099999999964 0.65489333472174271478 0.00000000099999999964 0.00000000099999999964 0.00000000099999999964 
0.00000000099999999907 0.00000000099999999907 0.00000000099999999907 0.00000000099999999907 0.00000000099999999907 0.00000000099999999907 0.00000000099999999907 0.99999999000000006077 0.00000000099999999907 0.00000000099999999907 0.00000000099999999907 
0.34458444863981513295 0.00000000099999999968 0.00000000099999999968 0.00000000099999999968 0.00000000099999999968 0.00000000099999999968 0.00000000099999999968 0.65541554236018473301 0.00000000099999999968 0.00000000099999999968 0.00000000099999999968 
0.00000000099999999903 0.00000000099999999903 0.00000000099999999903 0.00000000099999999903 0.00000000099999999903 0.00000000099999999903 0.00000000099999999903 0.99999999000000006077 0.00000000099999999903 0.00000000099999999903 0.00000000099999999903 
0.00000000099999999938 0.00000000099999999938 0.00000000099999999938 0.00000000099999999938 0.00000000099999999938 0.00000000099999999938 0.00000000099999999938 0.99999998999999994975 0.00000000099999999938 0.00000000099999999938 0.00000000099999999938 
0.00000000099999999895 0.00000000099999999895 0.00000000099999999895 0.00000000099999999895 0.00000000099999999895 0.00000000099999999895 0.00000000099999999895 0.99999998999999983873 0.00000000099999999895 0.00000000099999999895 0.00000000099999999895 
0.37694405509008083177 0.00000000099999999972 0.00000000099999999972 0.00000000099999999972 0.00000000099999999972 0.00000000099999999972 0.00000000099999999972 0.62305593590991903419 0.00000000099999999972 0.00000000099999999972 0.00000000099999999972 
0.00000000099999999896 0.00000000099999999896 0.00000000099999999896 0.00000000099999999896 0.00000000099999999896 0.00000000099999999896 0.00000000099999999896 0.99999998999999994975 0.00000000099999999896 0.00000000099999999896 0.00000000099999999896 
0.00000000099999999913 0.00000000099999999913 0.00000000099999999913 0.00000000099999999913 0.00000000099999999913 0.00000000099999999913 0.00000000099999999913 0.99999998999999994975 0.00000000099999999913 0.00000000099999999913 0.00000000099999999913 
0.00000000099999999900 0.00000000099999999900 0.00000000099999999900 0.00000000099999999900 0.00000000099999999900 0.00000000099999999900 0.00000000099999999900 0.99999998999999983873 0.00000000099999999900 0.00000000099999999900 0.00000000099999999900 
0.00000000099999999904 0.00000000099999999904 0.00000000099999999904 0.00000000099999999904 0.00000000099999999904 0.00000000099999999904 0.00000000099999999904 0.99999999000000006077 0.00000000099999999904 0.00000000099999999904 0.00000000099999999904 
0.00000000099999999942 0.00000000099999999942 0.00000000099999999942 0.00000000099999999942 0.00000000099999999942 0.00000000099999999942 0.00000000099999999942 0.99999999000000006077 0.00000000099999999942 0.00000000099999999942 0.00000000099999999942 
0.00000000099999999921 0.00000000099999999921 0.00000000099999999921 0.00000000099999999921 0.00000000099999999921 0.00000000099999999921 0.00000000099999999921 0.99999999000000006077 0.00000000099999999921 0.00000000099999999921 0.00000000099999999921 
0.00000000099999999918 0.00000000099999999918 0.00000000099999999918 0.00000000099999999918 0.00000000099999999918 0.00000000099999999918 0.00000000099999999918 0.99999998999999994975 0.00000000099999999918 0.00000000099999999918 0.00000000099999999918 
0.34546339084496668903 0.00000000099999999955 0.00000000099999999955 0.00000000099999999955 0.00000000099999999955 0.00000000099999999955 0.00000000099999999955 0.65453660015503323244 0.00000000099999999955 0.00000000099999999955 0.00000000099999999955 
0.00000000099999999945 0.02702833366915532651 0.00000000099999999945 0.00000000099999999945 0.00000000099999999945 0.00000000099999999945 0.00000000099999999945 0.97297165733084467476 0.00000000099999999945 0.00000000099999999945 0.00000000099999999945 
0.00000000099999999918 0.00000000099999999918 0.00000000099999999918 0.00000000099999999918 0.00000000099999999918 0.00000000099999999918 0.00000000099999999918 0.99999998999999994975 0.00000000099999999918 0.00000000099999999918 0.00000000099999999918 
0.00000000099999999909 0.00000000099999999909 0.00000000099999999909 0.00000000099999999909 0.00000000099999999909 0.00000000099999999909 0.00000000099999999909 0.99999998999999994975 0.00000000099999999909 0.00000000099999999909 0.00000000099999999909 
0.00000000099999999914 0.00000000099999999914 0.00000000099999999914 0.00000000099999999914 0.00000000099999999914 0.00000000099999999914 0.00000000099999999914 0.99999999000000006077 0.00000000099999999914 0.00000000099999999914 0.00000000099999999914 
0.01581644105589921981 0.07154599036711266347 0.17058378465302620475 0.00000000099999999992 0.00000000099999999992 0.00000000099999999992 0.00000000099999999992 0.00000000099999999992 0.65372720934589745312 0.08832656857806422956 0.00000000099999999992 
0.03512523952034069669 0.05497335029716828025 0.09176525744421139275 0.00000000099999999993 0.00000000099999999993 0.00000000099999999993 0.00788291416441507832 0.00000000099999999993 0.64564314292845537135 0.16461009064540932378 0.00000000099999999993 
0.00000000099999999896 0.00000000099999999896 0.99999998999999994975 0.00000000099999999896 0.00000000099999999896 0.00000000099999999896 0.00000000099999999896 0.00000000099999999896 0.00000000099999999896 0.00000000099999999896 0.00000000099999999896 
0.00230703045963477149 0.04668681602138103487 0.25739418098689187397 0.00000000099999999991 0.00000000099999999991 0.00000000099999999991 0.00535282522762612917 0.00000000099999999991 0.60477571811904684562 0.08348342418541936094 0.00000000099999999991 
0.00000000099999999984 0.04499458326815482245 0.29412540065692194258 0.00000000099999999984 0.00000000099999999984 0.00000000099999999984 0.00000000099999999984 0.00000000099999999984 0.62853230392948422622 0.03234770514543881814 0.00000000099999999984 
0.00902620201592252251 0.03018853222695484090 0.27552386617660423740 0.00000000099999999993 0.00000000099999999993 0.00000000099999999993 0.02449332085232795372 0.00000000099999999993 0.60855192152767245695 0.05221615220051788187 0.00000000099999999993 
0.00000000099999999898 0.00000000099999999898 0.99999999000000006077 0.00000000099999999898 0.00000000099999999898 0.00000000099999999898 0.00000000099999999898 0.00000000099999999898 0.00000000099999999898 0.00000000099999999898 0.00000000099999999898 
0.00000000099999999893 0.00000000099999999893 0.99999999000000006077 0.00000000099999999893 0.00000000099999999893 0.00000000099999999893 0.00000000099999999893 0.00000000099999999893 0.00000000099999999893 0.00000000099999999893 0.00000000099999999893 
0.01204748714242228312 0.03261766084598559379 0.13488998509542962645 0.00000000099999999999 0.01269340755708860645 0.00223351735054519007 0.00000000099999999999 0.02556469329871807403 0.65062310515156118740 0.11420309289813598830 0.01512704866011346100 
0.00000000099999999990 0.00793362888506756597 0.17589073308427446984 0.00000000099999999990 0.00000000099999999990 0.01428739300421015893 0.00000000099999999990 0.00000000099999999990 0.69153091438268476931 0.11035732464376293849 0.00000000099999999990 
0.02753538715870681650 0.07673797980142263442 0.15549881710549706693 0.00000000099999999988 0.00000000099999999988 0.00000000099999999988 0.00000000099999999988 0.00000000099999999988 0.64119375302279957296 0.09903405691157374235 0.00000000099999999988 
0.00499811050157018561 0.08448216999524664483 0.29540513659426237414 0.00000000099999999992 0.00000000099999999992 0.00000000099999999992 0.00000000099999999992 0.00000000099999999992 0.54326463236184674432 0.07184994454707384348 0.00000000099999999992 
0.03411370081121297554 0.03882294504831547421 0.12055162967325577794 0.02102491249577962892 0.00000000099999999996 0.00000000099999999996 0.03285448940338386165 0.00000000099999999996 0.61092113439634154748 0.14171118417171063575 0.00000000099999999996 
0.00000000099999999907 0.00000000099999999907 0.99999999000000006077 0.00000000099999999907 0.00000000099999999907 0.00000000099999999907 0.00000000099999999907 0.00000000099999999907 0.00000000099999999907 0.00000000099999999907 0.00000000099999999907 
0.00000000099999999896 0.00000000099999999896 0.99999998999999994975 0.00000000099999999896 0.00000000099999999896 0.00000000099999999896 0.00000000099999999896 0.00000000099999999896 0.00000000099999999896 0.00000000099999999896 0.00000000099999999896 
0.00000000099999999901 0.00000000099999999901 0.99999999000000017180 0.00000000099999999901 0.00000000099999999901 0.00000000099999999901 0.00000000099999999901 0.00000000099999999901 0.00000000099999999901 0.00000000099999999901 0.00000000099999999901 
0.00000000099999999908 0.00000000099999999908 0.99999999000000006077 0.00000000099999999908 0.00000000099999999908 0.00000000099999999908 0.00000000099999999908 0.00000000099999999908 0.00000000099999999908 0.00000000099999999908 0.00000000099999999908 
0.00000000099999999900 0.00000000099999999900 0.99999999000000006077 0.00000000099999999900 0.00000000099999999900 0.00000000099999999900 0.00000000099999999900 0.00000000099999999900 0.00000000099999999900 0.00000000099999999900 0.00000000099999999900 
0.00000000099999999905 0.99999999000000028282 0.00000000099999999905 0.00000000099999999905 0.00000000099999999905 0.00000000099999999905 0.00000000099999999905 0.00000000099999999905 0.00000000099999999905 0.00000000099999999905 0.00000000099999999905 
0.00000000099999999904 0.99999999000000028282 0.00000000099999999904 0.00000000099999999904 0.00000000099999999904 0.00000000099999999904 0.00000000099999999904 0.00000000099999999904 0.00000000099999999904 0.00000000099999999904 0.00000000099999999904 
0.00000000099999999904 0.99999999000000028282 0.00000000099999999904 0.00000000099999999904 0.00000000099999999904 0.00000000099999999904 0.00000000099999999904 0.00000000099999999904 0.00000000099999999904 0.00000000099999999904 0.00000000099999999904 
0.00000000099999999903 0.99999999000000017180 0.00000000099999999903 0.00000000099999999903 0.00000000099999999903 0.00000000099999999903 0.00000000099999999903 0.00000000099999999903 0.00000000099999999903 0.00000000099999999903 0.00000000099999999903 
0.00000000099999999905 0.99999999000000017180 0.00000000099999999905 0.00000000099999999905 0.00000000099999999905 0.00000000099999999905 0.00000000099999999905 0.00000000099999999905 0.00000000099999999905 0.00000000099999999905 0.00000000099999999905 
0.00000000099999999902 0.99999999000000017180 0.00000000099999999902 0.00000000099999999902 0.00000000099999999902 0.00000000099999999902 0.00000000099999999902 0.00000000099999999902 0.00000000099999999902 0.00000000099999999902 0.00000000099999999902 
0.00000000099999999906 0.99999999000000017180 0.00000000099999999906 0.00000000099999999906 0.00000000099999999906 0.00000000099999999906 0.00000000099999999906 0.00000000099999999906 0.00000000099999999906 0.00000000099999999906 0.00000000099999999906 
0.00000000099999999895 0.99999999000000006077 0.00000000099999999895 0.00000000099999999895 0.00000000099999999895 0.00000000099999999895 0.00000000099999999895 0.00000000099999999895 0.00000000099999999895 0.00000000099999999895 0.00000000099999999895 
0.00000000099999999921 0.99999999000000028282 0.00000000099999999921 0.00000000099999999921 0.00000000099999999921 0.00000000099999999921 0.00000000099999999921 0.00000000099999999921 0.00000000099999999921 0.00000000099999999921 0.00000000099999999921 
0.00000000099999999898 0.99999999000000017180 0.00000000099999999898 0.00000000099999999898 0.00000000099999999898 0.00000000099999999898 0.00000000099999999898 0.00000000099999999898 0.00000000099999999898 0.00000000099999999898 0.00000000099999999898 
0.00000000099999999958 0.81556117592447596731 0.00000000099999999958 0.00000000099999999958 0.00000000099999999958 0.00000000099999999958 0.00000000099999999958 0.18443881507552423171 0.00000000099999999958 0.00000000099999999958 0.00000000099999999958 
0.00000000099999999931 0.99999999000000017180 0.00000000099999999931 0.00000000099999999931 0.00000000099999999931 0.00000000099999999931 0.00000000099999999931 0.00000000099999999931 0.00000000099999999931 0.00000000099999999931 0.00000000099999999931 
0.00000000099999999922 0.99999999000000028282 0.00000000099999999922 0.00000000099999999922 0.00000000099999999922 0.00000000099999999922 0.00000000099999999922 0.00000000099999999922 0.00000000099999999922 0.00000000099999999922 0.00000000099999999922 
0.00000000099999999915 0.99999999000000028282 0.00000000099999999915 0.00000000099999999915 0.00000000099999999915 0.00000000099999999915 0.00000000099999999915 0.00000000099999999915 0.00000000099999999915 0.00000000099999999915 0.00000000099999999915 
0.00000000099999999985 0.00000000099999999985 0.00000000099999999985 0.01315040776345924485 0.75116124122656036111 0.11207821155090272325 0.06616196256863431102 0.00000000099999999985 0.00000000099999999985 0.00000000099999999985 0.05744817089044335079 
0.00000000099999999947 0.00000000099999999947 0.00000000099999999947 0.00000000099999999947 0.99999999000000006077 0.00000000099999999947 0.00000000099999999947 0.00000000099999999947 0.00000000099999999947 0.00000000099999999947 0.00000000099999999947 
0.00000000099999999942 0.00000000099999999942 0.00000000099999999942 0.00000000099999999942 0.99999999000000017180 0.00000000099999999942 0.00000000099999999942 0.00000000099999999942 0.00000000099999999942 0.00000000099999999942 0.00000000099999999942 
0.00000000099999999985 0.00000000099999999985 0.00000000099999999985 0.00000000099999999985 0.74105169892256883557 0.11349412988086904353 0.05640393702017571648 0.00000000099999999985 0.00000000099999999985 0.00000000099999999985 0.08905022717638660934 
0.00000000099999999936 0.00000000099999999936 0.00000000099999999936 0.00000000099999999936 0.99999999000000006077 0.00000000099999999936 0.00000000099999999936 0.00000000099999999936 0.00000000099999999936 0.00000000099999999936 0.00000000099999999936 
0.00000000099999999952 0.00000000099999999952 0.00000000099999999952 0.00000000099999999952 0.99999999000000017180 0.00000000099999999952 0.00000000099999999952 0.00000000099999999952 0.00000000099999999952 0.00000000099999999952 0.00000000099999999952 
0.00000000099999999978 0.00000000099999999978 0.00000000099999999978 0.09293907320357602808 0.74536848680063993999 0.01626386982957159569 0.00000000099999999978 0.00000000099999999978 0.00000000099999999978 0.00000000099999999978 0.14542856316621247115 
0.00000000099999999985 0.00000000099999999985 0.00018945480982595240 0.06904188467817384822 0.68164460321159658918 0.09596028117020725945 0.00000243785647458034 0.00000000099999999985 0.00000000099999999985 0.00000000099999999985 0.15316133327372172257 
0.00000000099999999953 0.00000000099999999953 0.00000000099999999953 0.00000000099999999953 0.99999999000000017180 0.00000000099999999953 0.00000000099999999953 0.00000000099999999953 0.00000000099999999953 0.00000000099999999953 0.00000000099999999953 
0.00000000099999999974 0.00000000099999999974 0.00000000099999999974 0.01153640931954827767 0.83600898788311606147 0.07071312502410750933 0.03881390952770385344 0.00000000099999999974 0.00000000099999999974 0.00000000099999999974 0.04292756224552429084 
0.00000000099999999971 0.00000000099999999971 0.00000000099999999971 0.00000000099999999971 0.85963950369125596840 0.03862983071551642084 0.07309681200874626472 0.00000000099999999971 0.00000000099999999971 0.00000000099999999971 0.02863384658448153361 
0.00000000099999999942 0.00000000099999999942 0.00000000099999999942 0.00000000099999999942 0.99999999000000006077 0.00000000099999999942 0.00000000099999999942 0.00000000099999999942 0.00000000099999999942 0.00000000099999999942 0.00000000099999999942 
0.00000000099999999967 0.00000000099999999967 0.00000000099999999967 0.00000000099999999967 0.99999999000000017180 0.00000000099999999967 0.00000000099999999967 0.00000000099999999967 0.00000000099999999967 0.00000000099999999967 0.00000000099999999967 
0.00000000099999999957 0.00000000099999999957 0.00000000099999999957 0.00000000099999999957 0.99999999000000017180 0.00000000099999999957 0.00000000099999999957 0.00000000099999999957 0.00000000099999999957 0.00000000099999999957 0.00000000099999999957 
0.00000000099999999975 0.00000000099999999975 0.00000000099999999975 0.03373842037184424103 0.80204994653020444950 0.12969807905986449614 0.03451354703808681007 0.00000000099999999975 0.00000000099999999975 0.00000000099999999975 0.00000000099999999975 
0.00000000099999999943 0.00000000099999999943 0.00000000099999999943 0.00000000099999999943 0.99999999000000006077 0.00000000099999999943 0.00000000099999999943 0.00000000099999999943 0.00000000099999999943 0.00000000099999999943 0.00000000099999999943 
0.00000000099999999953 0.00000000099999999953 0.00000000099999999953 0.00000000099999999953 0.99999999000000006077 0.00000000099999999953 0.00000000099999999953 0.00000000099999999953 0.00000000099999999953 0.00000000099999999953 0.00000000099999999953 
0.00000000099999999949 0.00000000099999999949 0.00000000099999999949 0.00000000099999999949 0.99999999000000006077 0.00000000099999999949 0.00000000099999999949 0.00000000099999999949 0.00000000099999999949 0.00000000099999999949 0.00000000099999999949 
0.00000000099999999946 0.00000000099999999946 0.00000000099999999946 0.00000000099999999946 0.99999999000000017180 0.00000000099999999946 0.00000000099999999946 0.00000000099999999946 0.00000000099999999946 0.00000000099999999946 0.00000000099999999946 
0.00000000099999999952 0.00000000099999999952 0.00000000099999999952 0.00000000099999999952 0.99999999000000017180 0.00000000099999999952 0.00000000099999999952 0.00000000099999999952 0.00000000099999999952 0.00000000099999999952 0.00000000099999999952 
0.00000000099999999900 0.00000000099999999900 0.00000000099999999900 0.00000000099999999900 0.00000000099999999900 0.00000000099999999900 0.99999998999999983873 0.00000000099999999900 0.00000000099999999900 0.00000000099999999900 0.00000000099999999900 
0.00000000099999999906 0.00000000099999999906 0.00000000099999999906 0.00000000099999999906 0.00000000099999999906 0.00000000099999999906 0.99999999000000006077 0.00000000099999999906 0.00000000099999999906 0.00000000099999999906 0.00000000099999999906 
0.00000000099999999984 0.02073176205052140036 0.00000000099999999984 0.00000000099999999984 0.28493823647483629280 0.00000000099999999984 0.69432999347464241513 0.00000000099999999984 0.00000000099999999984 0.00000000099999999984 0.00000000099999999984 
0.00000000099999999928 0.00000000099999999928 0.00000000099999999928 0.00000000099999999928 0.00000000099999999928 0.00000000099999999928 0.99999999000000006077 0.00000000099999999928 0.00000000099999999928 0.00000000099999999928 0.00000000099999999928 
0.00000000099999999898 0.00000000099999999898 0.00000000099999999898 0.00000000099999999898 0.00000000099999999898 0.00000000099999999898 0.99999998999999994975 0.00000000099999999898 0.00000000099999999898 0.00000000099999999898 0.00000000099999999898 
0.00000000099999999908 0.00000000099999999908 0.00000000099999999908 0.00000000099999999908 0.00000000099999999908 0.00000000099999999908 0.99999999000000006077 0.00000000099999999908 0.00000000099999999908 0.00000000099999999908 0.00000000099999999908 
0.00000000099999999914 0.00000000099999999914 0.00000000099999999914 0.00000000099999999914 0.00000000099999999914 0.00000000099999999914 0.99999999000000006077 0.00000000099999999914 0.00000000099999999914 0.00000000099999999914 0.00000000099999999914 
0.00000000099999999902 0.00000000099999999902 0.00000000099999999902 0.00000000099999999902 0.00000000099999999902 0.00000000099999999902 0.99999998999999994975 0.00000000099999999902 0.00000000099999999902 0.00000000099999999902 0.00000000099999999902 
0.00000000099999999906 0.00000000099999999906 0.00000000099999999906 0.00000000099999999906 0.00000000099999999906 0.00000000099999999906 0.99999998999999994975 0.00000000099999999906 0.00000000099999999906 0.00000000099999999906 0.00000000099999999906 
0.00000000099999999992 0.03621727101927266212 0.00000000099999999992 0.00566528619830364028 0.27477016024899830748 0.00000261364061361375 0.68334466289281192708 0.00000000099999999992 0.00000000099999999992 0.00000000099999999992 0.00000000099999999992 
0.00000000099999999908 0.00000000099999999908 0.00000000099999999908 0.00000000099999999908 0.00000000099999999908 0.00000000099999999908 0.99999998999999994975 0.00000000099999999908 0.00000000099999999908 0.00000000099999999908 0.00000000099999999908 
0.00000000099999999912 0.00000000099999999912 0.00000000099999999912 0.00000000099999999912 0.00000000099999999912 0.00000000099999999912 0.99999999000000006077 0.00000000099999999912 0.00000000099999999912 0.00000000099999999912 0.00000000099999999912 
0.00000000099999999924 0.00000000099999999924 0.00000000099999999924 0.00000000099999999924 0.00000000099999999924 0.00000000099999999924 0.99999998999999994975 0.00000000099999999924 0.00000000099999999924 0.00000000099999999924 0.00000000099999999924 
0.00000000099999999925 0.00000000099999999925 0.00000000099999999925 0.00000000099999999925 0.00000000099999999925 0.00000000099999999925 0.99999998999999994975 0.00000000099999999925 0.00000000099999999925 0.00000000099999999925 0.00000000099999999925 
0.00000000099999999927 0.00000000099999999927 0.00000000099999999927 0.00000000099999999927 0.00000000099999999927 0.00000000099999999927 0.99999998999999994975 0.00000000099999999927 0.00000000099999999927 0.00000000099999999927 0.00000000099999999927 
0.00000000099999999908 0.00000000099999999908 0.00000000099999999908 0.00000000099999999908 0.00000000099999999908 0.00000000099999999908 0.99999999000000006077 0.00000000099999999908 0.00000000099999999908 0.00000000099999999908 0.00000000099999999908 
0.00000000099999999913 0.00000000099999999913 0.00000000099999999913 0.00000000099999999913 0.00000000099999999913 0.00000000099999999913 0.99999998999999994975 0.00000000099999999913 0.00000000099999999913 0.00000000099999999913 0.00000000099999999913 
0.00000000099999999933 0.00000000099999999933 0.00000000099999999933 0.00000000099999999933 0.00000000099999999933 0.00000000099999999933 0.99999999000000006077 0.00000000099999999933 0.00000000099999999933 0.00000000099999999933 0.00000000099999999933 
0.00000000099999999935 0.00000000099999999935 0.00000000099999999935 0.00000000099999999935 0.00000000099999999935 0.00000000099999999935 0.99999998999999994975 0.00000000099999999935 0.00000000099999999935 0.00000000099999999935 0.00000000099999999935 
0.05028513670654476131 0.04953454114589889157 0.00000000099999999997 0.04525428131286553246 0.51111946233408012130 0.10662276449998164818 0.22186892063281518639 0.00000000099999999997 0.01531488936781388345 0.00000000099999999997 0.00000000099999999997 
0.00000000099999999996 0.02928601107743769583 0.02914202741418216169 0.03276372063867347834 0.61649598790949278193 0.00504863099508140890 0.20583414248518436263 0.00000000099999999996 0.06956315230422692453 0.01186632417572099085 0.00000000099999999996 
0.00000000099999999997 0.04821199735053219998 0.00000000099999999997 0.03194018828379132507 0.54283630960516404684 0.06604155148844716161 0.19572901457953748028 0.00000000099999999997 0.05366013839014334430 0.02918600378895262401 0.03239479351343190622 
0.00000000099999999995 0.03715167658756308999 0.02297633972376514691 0.05033436902431636523 0.63572244552097278980 0.00000000099999999995 0.17638112922242282776 0.00000000099999999995 0.07743403492095987661 0.00000000099999999995 0.00000000099999999995 
0.00000000099999999995 0.02201465483502145284 0.00000000691465674035 0.04910498817058105148 0.58231853285346690807 0.05425318792942632889 0.22030334473627882774 0.00000000099999999995 0.07200528056056876292 0.00000000099999999995 0.00000000099999999995 
0.00000000099999999993 0.06679916926573274683 0.00000000099999999993 0.01319921807493934507 0.63366505094153946498 0.01587055053412713551 0.22379239756600455280 0.00000000099999999993 0.04667360861765657010 0.00000000099999999993 0.00000000099999999993 
0.00000000099999999998 0.06812587612832231299 0.04293046304924370837 0.02054841002339900802 0.55349137195224806796 0.06171102515847525644 0.19812240680691789452 0.00000000099999999998 0.02975045444590330296 0.00457681313079198997 0.02074317730469853530 
0.00330129930763533664 0.06968071042047818686 0.02775247142375663126 0.06214698347115476390 0.48733941972173683288 0.07956726239021136293 0.19266552062624409114 0.00988696078235217976 0.03083225459938064225 0.00000000100000000000 0.03682711625705011038 
0.00987951481445056325 0.05773108795439271107 0.01388012939450975793 0.03270320644069597132 0.69999675457561749692 0.00000000099999999999 0.17272246464678733813 0.00000000099999999999 0.01145807771135165520 0.00162876146219449085 0.00000000099999999999 
0.00000000099999999982 0.05429680288277389383 0.00000000099999999982 0.00000000099999999982 0.88966150429144186251 0.00000000099999999982 0.05604168482578441440 0.00000000099999999982 0.00000000099999999982 0.00000000099999999982 0.00000000099999999982 
0.00000000099999999996 0.00938143408770629288 0.00000000099999999996 0.00000000099999999996 0.72191000798108206915 0.00000000099999999996 0.17119373765925821607 0.01801517817932172388 0.07949963609263188680 0.00000000099999999996 0.00000000099999999996 
0.00000000099999999995 0.02959742460813985163 0.00000000099999999995 0.04663272606061568543 0.59977105983274681122 0.02128388138944104294 0.22969328960359344793 0.00000000099999999995 0.07302161350546322593 0.00000000099999999995 0.00000000099999999995 
0.00000000099999999984 0.05748729066157735879 0.00000000099999999984 0.00000000099999999984 0.86216546309211139487 0.00000000099999999984 0.08034723824631137545 0.00000000099999999984 0.00000000099999999984 0.00000000099999999984 0.00000000099999999984 
0.01883313694886434853 0.05398930816694839929 0.02042103182224433433 0.03998709355606006044 0.73935524545493724879 0.00000000099999999999 0.12400307528632097120 0.00341109566009195316 0.00000000099999999999 0.00000001010453264484 0.00000000099999999999 
0.00000000099999999983 0.05024961293398204354 0.00000000099999999983 0.00000000099999999983 0.83957836444953071187 0.00000000099999999983 0.11017201461648745697 0.00000000099999999983 0.00000000099999999983 0.00000000099999999983 0.00000000099999999983 
0.00000000099999999988 0.09330267454593532683 0.00000000099999999988 0.00000000099999999988 0.88129769551772263458 0.00000000099999999988 0.02539962193634215035 0.00000000099999999988 0.00000000099999999988 0.00000000099999999988 0.00000000099999999988 
0.00000000099999999988 0.05134708171320462311 0.00000000099999999988 0.00000000099999999988 0.89021520918948626733 0.00000000099999999988 0.05843770109730925949 0.00000000099999999988 0.00000000099999999988 0.00000000099999999988 0.00000000099999999988 
0.00000000099999999987 0.02510535065455177933 0.03284984889700698352 0.00000000099999999987 0.00000000099999999987 0.00000000099999999987 0.00000000099999999987 0.00000000099999999987 0.88771570418925771495 0.05432908925918338017 0.00000000099999999987 
0.00000000099999999972 0.00000000099999999972 0.04739462135200608883 0.00000000099999999972 0.00000000099999999972 0.00000000099999999972 0.00000000099999999972 0.00000000099999999972 0.95260536964799391590 0.00000000099999999972 0.00000000099999999972 
0.00000000099999999977 0.00000000099999999977 0.04507368544958956225 0.00000000099999999977 0.00000000099999999977 0.00000000099999999977 0.00000000099999999977 0.00000000099999999977 0.90138988233002914630 0.05353642422038125404 0.00000000099999999977 
0.00000000099999999981 0.01474834069050167881 0.09451117187924687468 0.00000000099999999981 0.00000000099999999981 0.00000000099999999981 0.00000000099999999981 0.00000000099999999981 0.80959123046003944602 0.08114924997021204234 0.00000000099999999981 
0.00000000099999999976 0.00000000099999999976 0.03560926515142406185 0.00000000099999999976 0.00000000099999999976 0.00000000099999999976 0.00000000099999999976 0.00000000099999999976 0.96439072584857588044 0.00000000099999999976 0.00000000099999999976 
0.01420287454614804767 0.00029515989203874986 0.08232391540980303624 0.00000000099999999986 0.00000000099999999986 0.00000000099999999986 0.00000000099999999986 0.00000000099999999986 0.84933043464254098787 0.05384760950946909652 0.00000000099999999986 
0.00000000099999999977 0.00000000099999999977 0.12369841983116619533 0.00000000099999999977 0.00000000099999999977 0.00000000099999999977 0.00000000099999999977 0.00000000099999999977 0.85816216174247839099 0.01813941042635528259 0.00000000099999999977 
0.00000000099999999985 0.02842397707710351412 0.06232179600150975635 0.00000000099999999985 0.00000000099999999985 0.00000000099999999985 0.00000000099999999985 0.00000000099999999985 0.89760366951452297268 0.01165055040686373104 0.00000000099999999985 
0.00000000099999999966 0.00000000099999999966 0.08434509796620140443 0.00000000099999999966 0.00000000099999999966 0.00000000099999999966 0.00000000099999999966 0.00000000099999999966 0.91565489303379854480 0.00000000099999999966 0.00000000099999999966 
0.00000000099999999980 0.00000000099999999980 0.08766962805682913806 0.00000000099999999980 0.00000000099999999980 0.00000000099999999980 0.00000000099999999980 0.00000000099999999980 0.91233036294317093606 0.00000000099999999980 0.00000000099999999980 
0.00000000099999999980 0.06222155480683017742 0.11132260561197902804 0.00000000099999999980 0.00000000099999999980 0.00000000099999999980 0.00000000099999999980 0.00000000099999999980 0.78692122051237800573 0.03953461206881281331 0.00000000099999999980 
