0.96066991893345610176 0.03933007906654390623 0.00000000099999999995 0.00000000099999999995 
0.99999898848890333980 0.00000100951109652574 0.00000000099999999997 0.00000000099999999997 
0.94901584765194491045 0.05098415034805509755 0.00000000099999999995 0.00000000099999999995 
0.94874177322650976585 0.05125822477349023520 0.00000000099999999998 0.00000000099999999998 
0.99999999700000008485 0.00000000099999999990 0.00000000099999999990 0.00000000099999999990 
0.99999999699999997382 0.00000000099999999991 0.00000000099999999991 0.00000000099999999991 
0.99999999699999997382 0.00000000099999999992 0.00000000099999999992 0.00000000099999999992 
0.99999999699999997382 0.00000000099999999990 0.00000000099999999990 0.00000000099999999990 
0.99986043526585588470 0.00013956273414416392 0.00000000099999999991 0.00000000099999999991 
0.95970840697769732586 0.04029159102230277234 0.00000000099999999996 0.00000000099999999996 
0.99999999699999997382 0.00000000099999999994 0.00000000099999999994 0.00000000099999999994 
0.97083536305889694962 0.02916463494110313817 0.00000000099999999994 0.00000000099999999994 
0.99999999700000008485 0.00000000099999999989 0.00000000099999999989 0.00000000099999999989 
0.99999999699999997382 0.00000000099999999991 0.00000000099999999991 0.00000000099999999991 
0.99999999699999997382 0.00000000099999999991 0.00000000099999999991 0.00000000099999999991 
0.99999999699999997382 0.00000000099999999988 0.00000000099999999988 0.00000000099999999988 
0.99999999699999997382 0.00000000099999999990 0.00000000099999999990 0.00000000099999999990 
0.99999999700000008485 0.00000000099999999989 0.00000000099999999989 0.00000000099999999989 
0.99999999699999997382 0.00000000099999999993 0.00000000099999999993 0.00000000099999999993 
0.99999999700000008485 0.00000000099999999993 0.00000000099999999993 0.00000000099999999993 
0.00000000099999999969 0.00000000099999999969 0.00000000099999999969 0.99999999700000008485 
0.00000000099999999974 0.00000000099999999974 0.00000000099999999974 0.99999999700000008485 
0.00000000099999999971 0.00000000099999999971 0.00000000099999999971 0.99999999699999997382 
0.00000000099999999991 0.00000000099999999991 0.00000000099999999991 0.99999999699999997382 
0.00000000099999999995 0.00000000099999999995 0.00000000099999999995 0.99999999699999997382 
0.00000000099999999993 0.00000000099999999993 0.00000000099999999993 0.99999999699999997382 
0.00000000099999999972 0.00000000099999999972 0.00000000099999999972 0.99999999699999997382 
0.00000000099999999975 0.00000000099999999975 0.00000000099999999975 0.99999999699999997382 
0.00000000099999999973 0.00000000099999999973 0.00000000099999999973 0.99999999699999997382 
0.00000000099999999973 0.00000000099999999973 0.00000000099999999973 0.99999999699999997382 
0.00000000099999999973 0.00000000099999999973 0.00000000099999999973 0.99999999700000008485 
0.00000000099999999974 0.00000000099999999974 0.00000000099999999974 0.99999999699999997382 
0.02229947859424599721 0.00000000099999999997 0.00000000099999999997 0.97770051940575386507 
0.00000000099999999990 0.00000000099999999990 0.00000000099999999990 0.99999999699999997382 
0.00000000099999999991 0.00000000099999999991 0.00000000099999999991 0.99999999700000008485 
0.00000000099999999989 0.00000000099999999989 0.00000000099999999989 0.99999999699999997382 
0.00000000099999999992 0.00000000099999999992 0.00000000099999999992 0.99999999700000008485 
0.00000000099999999993 0.00000000099999999993 0.00000000099999999993 0.99999999699999997382 
0.00000000099999999973 0.00000000099999999973 0.00000000099999999973 0.99999999699999997382 
0.00000000099999999990 0.00000000099999999990 0.00000000099999999990 0.99999999699999997382 
0.00000000099999999974 0.00000000099999999974 0.00000000099999999974 0.99999999700000008485 
0.00000000099999999993 0.00000000099999999993 0.00000000099999999993 0.99999999699999997382 
0.00000000099999999973 0.00000000099999999973 0.00000000099999999973 0.99999999699999997382 
0.00000000099999999983 0.00000000099999999983 0.00000000099999999983 0.99999999700000008485 
0.00000000099999999969 0.00000000099999999969 0.00000000099999999969 0.99999999699999997382 
0.00000000099999999994 0.00000000099999999994 0.00000000099999999994 0.99999999700000008485 
0.00000000099999999971 0.00000000099999999971 0.00000000099999999971 0.99999999700000008485 
0.00000000099999999974 0.00000000099999999974 0.00000000099999999974 0.99999999699999997382 
0.00000000099999999972 0.00000000099999999972 0.00000000099999999972 0.99999999699999997382 
0.00000000099999999974 0.00000000099999999974 0.00000000099999999974 0.99999999700000008485 
0.00000000099999999978 0.00000000099999999978 0.00000000099999999978 0.99999999700000008485 
0.00000000099999999976 0.00000000099999999976 0.00000000099999999976 0.99999999699999997382 
0.00000000099999999977 0.00000000099999999977 0.00000000099999999977 0.99999999699999997382 
0.00000000099999999990 0.00000000099999999990 0.00000000099999999990 0.99999999700000008485 
0.00000000099999999988 0.00000000099999999988 0.00000000099999999988 0.99999999700000008485 
0.00000000099999999975 0.00000000099999999975 0.00000000099999999975 0.99999999699999997382 
0.00000000099999999975 0.00000000099999999975 0.00000000099999999975 0.99999999700000008485 
0.00000000099999999976 0.00000000099999999976 0.00000000099999999976 0.99999999699999997382 
0.91068581564979778076 0.08931418235020233132 0.00000000099999999998 0.00000000099999999998 
0.93298299149170127453 0.05601239700550062622 0.01100461050279801303 0.00000000099999999999 
0.99999999699999997382 0.00000000099999999993 0.00000000099999999993 0.00000000099999999993 
0.95101802963059045570 0.04398455151505749339 0.00000000099999999999 0.00499741785435211562 
0.93899035479820380790 0.06100964320179606826 0.00000000099999999997 0.00000000099999999997 
0.92960124852453107636 0.03839020847992880014 0.01654545936647981372 0.01546308362906023866 
0.99999999699999997382 0.00000000099999999991 0.00000000099999999991 0.00000000099999999991 
0.99999999699999997382 0.00000000099999999991 0.00000000099999999991 0.00000000099999999991 
0.90999277723721938571 0.02698211830466168415 0.02841350208661898996 0.03461160237149984997 
0.97789025414756491905 0.01405637514176440346 0.00805336971067061556 0.00000000099999999998 
0.89503202706652740250 0.10496795214656291784 0.00000000099999999998 0.00000001978690971914 
0.93158550425000463679 0.05963907215455063748 0.00877542259544489625 0.00000000099999999999 
0.89568920278082142516 0.05510120903376440615 0.04112500677977430630 0.00808458140563998902 
0.99999999700000008485 0.00000000099999999992 0.00000000099999999992 0.00000000099999999992 
0.99999999700000008485 0.00000000099999999990 0.00000000099999999990 0.00000000099999999990 
0.99999999699999997382 0.00000000099999999989 0.00000000099999999989 0.00000000099999999989 
0.99999999700000008485 0.00000000099999999993 0.00000000099999999993 0.00000000099999999993 
0.99999999700000008485 0.00000000099999999991 0.00000000099999999991 0.00000000099999999991 
0.00000000099999999975 0.99999999699999997382 0.00000000099999999975 0.00000000099999999975 
0.00000000099999999976 0.99999999699999997382 0.00000000099999999976 0.00000000099999999976 
0.00000000099999999977 0.99999999699999997382 0.00000000099999999977 0.00000000099999999977 
0.00000000099999999975 0.99999999700000008485 0.00000000099999999975 0.00000000099999999975 
0.00000000099999999975 0.99999999700000008485 0.00000000099999999975 0.00000000099999999975 
0.00000000099999999974 0.99999999699999997382 0.00000000099999999974 0.00000000099999999974 
0.00000000099999999976 0.99999999700000008485 0.00000000099999999976 0.00000000099999999976 
0.00000000099999999972 0.99999999700000008485 0.00000000099999999972 0.00000000099999999972 
0.00000000099999999979 0.99999999700000008485 0.00000000099999999979 0.00000000099999999979 
0.00000000099999999974 0.99999999699999997382 0.00000000099999999974 0.00000000099999999974 
0.00000000099999999992 0.80655954182745559500 0.00000000099999999992 0.19344045617254451708 
0.00000000099999999982 0.99999999699999997382 0.00000000099999999982 0.00000000099999999982 
0.00000000099999999979 0.99999999699999997382 0.00000000099999999979 0.00000000099999999979 
0.00000000099999999978 0.99999999699999997382 0.00000000099999999978 0.00000000099999999978 
0.05272577101291464619 0.00511054801711604331 0.94216367996996930323 0.00000000099999999999 
0.00000000099999999983 0.00000000099999999983 0.99999999699999997382 0.00000000099999999983 
0.00000000099999999985 0.00000000099999999985 0.99999999699999986280 0.00000000099999999985 
0.03961397031695832599 0.00000000100000000000 0.95177813816229406285 0.00860789052074763771 
0.00000000099999999983 0.00000000099999999983 0.99999999699999986280 0.00000000099999999983 
0.00000000099999999990 0.00000000099999999990 0.99999999699999986280 0.00000000099999999990 
0.00000000099999999997 0.03237078185895972404 0.96762921614104036028 0.00000000099999999997 
0.00737354497743821554 0.02219891337599672748 0.97042754064656500113 0.00000000099999999998 
0.00000000099999999993 0.00000000099999999993 0.99999999699999986280 0.00000000099999999993 
0.00000000099999999997 0.02251505015407452223 0.97748494784592543372 0.00000000099999999997 
0.00000000099999999993 0.03570192652886524515 0.96429807147113477672 0.00000000099999999993 
0.00000000099999999990 0.00000000099999999990 0.99999999699999997382 0.00000000099999999990 
0.01837420813685173085 0.00000000099999999998 0.98162578986314830143 0.00000000099999999998 
0.00000000099999999991 0.00000000099999999991 0.99999999699999986280 0.00000000099999999991 
0.00000000099999999996 0.02445063826287892025 0.97554935973712109121 0.00000000099999999996 
0.00000000099999999988 0.00000000099999999988 0.99999999699999986280 0.00000000099999999988 
0.00000000099999999990 0.00000000099999999990 0.99999999699999997382 0.00000000099999999990 
0.00000000099999999991 0.00000000099999999991 0.99999999699999997382 0.00000000099999999991 
0.00000000099999999988 0.00000000099999999988 0.99999999699999997382 0.00000000099999999988 
0.00000000099999999987 0.00000000099999999987 0.99999999699999986280 0.00000000099999999987 
0.00000000099999999990 0.26759548514452730084 0.73240451285547270022 0.00000000099999999990 
0.00000000099999999990 0.25534637085685846225 0.74465362714314142778 0.00000000099999999990 
0.00000000099999999996 0.25426688040117040313 0.74573311759882954242 0.00000000099999999996 
0.00000000099999999994 0.26716120059229769845 0.73283879740770219158 0.00000000099999999994 
0.00000000099999999989 0.27697572028726435978 0.72302427771273558577 0.00000000099999999989 
0.00000000099999999991 0.25458666263463625157 0.74541333536536358295 0.00000000099999999991 
0.00000000099999999992 0.25312040099027927065 0.74687959700972061938 0.00000000099999999992 
0.00000000099999999989 0.25893673100392461395 0.74106326699607527608 0.00000000099999999989 
0.00000000099999999990 0.25962648869877585911 0.74037350930122403092 0.00000000099999999990 
0.00000000099999999998 0.24686722239012126590 0.75313277560987867965 0.00000000099999999998 
0.00000000099999999991 0.28142450723437512083 0.71857549076562476920 0.00000000099999999991 
0.00000000099999999992 0.26377101388256551928 0.73622898411743442626 0.00000000099999999992 
0.00000000099999999991 0.28503826635134715817 0.71496173164865273186 0.00000000099999999991 
0.00000000099999999992 0.29082863405709952209 0.70917136394290047896 0.00000000099999999992 
0.01243099298797046594 0.26301738172790106729 0.72455162428412833719 0.00000000099999999995 
0.00000000099999999992 0.25265880653093275576 0.74734119146906707876 0.00000000099999999992 
0.00000000099999999996 0.26844033039276693486 0.73155966760723289966 0.00000000099999999996 
0.00000000099999999995 0.24813200174729641012 0.75186799625270339664 0.00000000099999999995 
0.00000000099999999993 0.27815015848911339713 0.72184983951088654841 0.00000000099999999993 
0.05758212703395515497 0.12289353624880523796 0.78622139113516464892 0.03330294558207500671 
0.14904930017487205696 0.08500926075810505411 0.76594143407007786450 0.00000000499694503063 
0.12076184403292160308 0.09560685978133651175 0.78363129518574181631 0.00000000099999999998 
0.15549832096258611736 0.08161917429787481082 0.76288250373953903072 0.00000000100000000000 
0.09289344146498204613 0.07200605113883290498 0.82491362628598619011 0.01018688111019888480 
0.09977926992503145798 0.13568440962380004522 0.76453631945116840019 0.00000000099999999999 
0.11023186881037011497 0.12143778498007401501 0.76593567720267430321 0.00239466900688146056 
0.09737677558340598893 0.11621933029780494306 0.77117936360316519107 0.01522453051562393939 
0.07796733907857766877 0.08734743828287883094 0.81765754858131267646 0.01702767405723087241 
0.09095091902292033736 0.08872066831675584631 0.82032841166032366420 0.00000000099999999999 
0.09689042549299288487 0.09765465515815752173 0.77585392874288872100 0.02960099060596077178 
0.08664713252821029665 0.12016011076189893336 0.79319275570989078439 0.00000000099999999999 
0.10118931350771610822 0.08444198018156821861 0.81436870531071570145 0.00000000099999999999 
0.06182346004374230514 0.09257610530100555957 0.80960533308848792178 0.03599510156676422740 
0.08691303099675537491 0.10254547597367490164 0.81054149202956959908 0.00000000099999999999 
0.08712730953579231330 0.11764232611337326062 0.78685536850237625117 0.00837499584845825817 
0.08251808222519088631 0.09626125983968249200 0.82122065693512646956 0.00000000100000000000 
0.97390662798629157315 0.02609337001370842443 0.00000000099999999998 0.00000000099999999998 
0.99999999699999997382 0.00000000099999999992 0.00000000099999999992 0.00000000099999999992 
0.99999999699999997382 0.00000000099999999994 0.00000000099999999994 0.00000000099999999994 
0.96418300319077454574 0.03581699480922546225 0.00000000099999999995 0.00000000099999999995 
0.99999999699999997382 0.00000000099999999994 0.00000000099999999994 0.00000000099999999994 
0.98013651005184887488 0.00764058241403682385 0.00000000099999999997 0.01222290653411446312 
0.99988643790024323010 0.00011356009975669805 0.00000000099999999995 0.00000000099999999995 
0.98461826963552812053 0.01538172836447182848 0.00000000099999999996 0.00000000099999999996 
0.99999999700000008485 0.00000000099999999991 0.00000000099999999991 0.00000000099999999991 
0.99999999700000008485 0.00000000099999999996 0.00000000099999999996 0.00000000099999999996 
0.94572791504009978691 0.05427208295990020720 0.00000000099999999996 0.00000000099999999996 
0.99999999700000008485 0.00000000099999999997 0.00000000099999999997 0.00000000099999999997 
0.99999998268308609717 0.00000001531691379914 0.00000000099999999997 0.00000000099999999997 
0.97631901660317210734 0.02368098139682785555 0.00000000099999999992 0.00000000099999999992 
0.98818535985551592127 0.01181463814448404336 0.00000000099999999994 0.00000000099999999994 
0.98168855656882159089 0.01831144143117845874 0.00000000099999999998 0.00000000099999999998 
0.99999999699999997382 0.00000000099999999990 0.00000000099999999990 0.00000000099999999990 
0.96083443499440823743 0.03916556300559181220 0.00000000099999999994 0.00000000099999999994 
0.93713484921586720500 0.06286514878413276830 0.00000000099999999997 0.00000000099999999997 
0.99029122299375693661 0.00970877500624303669 0.00000000099999999997 0.00000000099999999997 
0.98491973644014907396 0.01508026155985081780 0.00000000099999999997 0.00000000099999999997 
0.96756109082994201653 0.03243890717005791513 0.00000000099999999996 0.00000000099999999996 
0.99949909807945747087 0.00050089992054254612 0.00000000099999999995 0.00000000099999999995 
0.89881614470618298451 0.09168445413356644813 0.00000000099999999998 0.00949940016025055227 
0.98466850727428889556 0.01533149072571099968 0.00000000099999999994 0.00000000099999999994 
0.93576185082621465838 0.05182985041294903977 0.00222419346108043660 0.01018410529975588390 
0.96695548962195088105 0.03304450837804912000 0.00000000099999999997 0.00000000099999999997 
0.88886669034353760210 0.07672143240470424841 0.00000000099999999996 0.03441187625175812226 
0.99999999700000008485 0.00000000099999999996 0.00000000099999999996 0.00000000099999999996 
0.96894400651884227127 0.01974277904412674589 0.01131321343703084112 0.00000000099999999999 
0.96450268415733853011 0.00179063814806443549 0.00000000099999999999 0.03370667669459707916 
0.97694518422915854750 0.02300009084180809973 0.00000000099999999997 0.00005472392903327692 
0.96284116293939281395 0.03400240971007238711 0.00000000099999999996 0.00315642635053486106 
0.94650626922525993301 0.03862110655831062916 0.00000000099999999998 0.01487262321642941233 
0.97497818006282921388 0.02185268303930290590 0.00316913589786794146 0.00000000099999999998 
0.93110492715822446019 0.04819147259047081022 0.00000000099999999997 0.02070359925130476481 
0.96301523652284148902 0.02351307198964286763 0.00000125571859919727 0.01347043576891644029 
0.94096565019293987309 0.05903434780706001000 0.00000000099999999999 0.00000000099999999999 
0.88759843736870758235 0.09735722787077900897 0.00000000099999999998 0.01504433376051333461 
0.95195941455300348011 0.04804058344699657646 0.00000000099999999994 0.00000000099999999994 
0.97415808120937064096 0.01450764703781881951 0.00000000099999999997 0.01133427075281064934 
0.93283597380361837903 0.05157226511165868832 0.00000000099999999998 0.01559176008472285338 
0.96967529502909433070 0.03032470297090558015 0.00000000099999999996 0.00000000099999999996 
0.94448405507063670772 0.05551594292936325864 0.00000000099999999995 0.00000000099999999995 
0.99999999700000008485 0.00000000099999999992 0.00000000099999999992 0.00000000099999999992 
0.96982295518923100630 0.03017704281076893924 0.00000000099999999998 0.00000000099999999998 
0.97420817944095006169 0.01514384883188395897 0.00000000099999999998 0.01064797072716599201 
0.95710627666427539051 0.02380020163811684408 0.00000000099999999996 0.01909352069760788390 
0.99999999699999997382 0.00000000099999999994 0.00000000099999999994 0.00000000099999999994 
0.99999999700000008485 0.00000000099999999995 0.00000000099999999995 0.00000000099999999995 
0.99999999699999997382 0.00000000099999999992 0.00000000099999999992 0.00000000099999999992 
0.92694944771537546302 0.05972254197546267296 0.01332800930916190098 0.00000000099999999998 
0.99999999699999997382 0.00000000099999999994 0.00000000099999999994 0.00000000099999999994 
0.91244179598919794572 0.08442912868564654560 0.00000000099999999998 0.00312907432515555301 
0.02557900736343568168 0.01713729361835556256 0.95728369801820878404 0.00000000099999999998 
0.00000000099999999998 0.02225970885083414924 0.97774028914916588651 0.00000000099999999998 
0.02579581148354249259 0.00000000099999999997 0.97420418651645757091 0.00000000099999999997 
0.00000000099999999997 0.00000000099999999997 0.99999999699999997382 0.00000000099999999997 
0.14297034450404774719 0.00340561896322131219 0.85362403553273091816 0.00000000100000000000 
0.04559285134477811252 0.01926579168747835982 0.93514135596774350390 0.00000000099999999996 
0.04612189760750599887 0.00004368264306479231 0.95383441874942920258 0.00000000099999999999 
0.05117953453161111499 0.00000000099999999997 0.94882046346838888606 0.00000000099999999997 
0.00000000099999999996 0.00000000099999999996 0.99999999699999997382 0.00000000099999999996 
0.00000000099999999993 0.00000000099999999993 0.99999999699999997382 0.00000000099999999993 
0.02381219792439725341 0.00000000099999999997 0.97618780007560279621 0.00000000099999999997 
0.00000000099999999995 0.00000000099999999995 0.99999999699999997382 0.00000000099999999995 
0.07962139850717306344 0.00000000099999999995 0.92037859949282696537 0.00000000099999999995 
0.00739298898085772281 0.00000000099999999995 0.99260700901914222793 0.00000000099999999995 
0.04360490498947822147 0.00342998185106133981 0.95296511215946033690 0.00000000099999999999 
0.06104554199898436923 0.00000000099999999994 0.93895445600101556938 0.00000000099999999994 
0.00000000099999999989 0.00000000099999999989 0.99999999699999997382 0.00000000099999999989 
0.02500332774741338346 0.00000000099999999994 0.97499667025258651698 0.00000000099999999994 
0.00711223712214005977 0.00000000099999999995 0.99288776087785990399 0.00000000099999999995 
0.00000000099999999990 0.00000000099999999990 0.99999999699999986280 0.00000000099999999990 
0.00000000099999999979 0.00000000099999999979 0.99999999699999986280 0.00000000099999999979 
0.00000000099999999980 0.00000000099999999980 0.99999999699999986280 0.00000000099999999980 
0.00000000099999999987 0.00000000099999999987 0.99999999699999997382 0.00000000099999999987 
0.00000000099999999979 0.00000000099999999979 0.99999999699999986280 0.00000000099999999979 
0.00000000099999999989 0.00000000099999999989 0.99999999699999997382 0.00000000099999999989 
0.00000000099999999979 0.00000000099999999979 0.99999999699999997382 0.00000000099999999979 
0.00000000099999999979 0.00000000099999999979 0.99999999699999997382 0.00000000099999999979 
0.00000000099999999978 0.00000000099999999978 0.99999999699999997382 0.00000000099999999978 
0.00000000099999999992 0.00000000099999999992 0.99796206891785510518 0.00203792908214481651 
0.00000000099999999982 0.00000000099999999982 0.99999999699999997382 0.00000000099999999982 
0.00000000099999999983 0.00000000099999999983 0.99999999699999997382 0.00000000099999999983 
0.00000000099999999981 0.00000000099999999981 0.99999999699999986280 0.00000000099999999981 
0.00000000099999999979 0.00000000099999999979 0.99999999699999997382 0.00000000099999999979 
0.00000000099999999985 0.00000000099999999985 0.99999999699999997382 0.00000000099999999985 
0.00000000099999999984 0.00000000099999999984 0.99999999699999986280 0.00000000099999999984 
0.00000000099999999987 0.00000000099999999987 0.99999999699999997382 0.00000000099999999987 
0.00000000099999999977 0.00000000099999999977 0.99999999699999986280 0.00000000099999999977 
0.00000000099999999986 0.00000000099999999986 0.99999999699999997382 0.00000000099999999986 
0.00916565906333990411 0.00000000099999999994 0.99083433893666017500 0.00000000099999999994 
0.01973113928650296195 0.00000000099999999994 0.98026885871349700441 0.00000000099999999994 
0.99999999699999997382 0.00000000099999999993 0.00000000099999999993 0.00000000099999999993 
0.99962097796728632826 0.00000000099999999997 0.00037902003271357218 0.00000000099999999997 
0.99999999700000008485 0.00000000099999999987 0.00000000099999999987 0.00000000099999999987 
0.99999811488445733421 0.00000188311554274254 0.00000000099999999993 0.00000000099999999993 
0.99999999699999997382 0.00000000099999999987 0.00000000099999999987 0.00000000099999999987 
0.99999999700000008485 0.00000000099999999991 0.00000000099999999991 0.00000000099999999991 
0.99999999699999997382 0.00000000099999999985 0.00000000099999999985 0.00000000099999999985 
0.99999999699999997382 0.00000000099999999986 0.00000000099999999986 0.00000000099999999986 
0.99999999699999997382 0.00000000099999999986 0.00000000099999999986 0.00000000099999999986 
0.99999999700000008485 0.00000000099999999993 0.00000000099999999993 0.00000000099999999993 
0.99999999699999997382 0.00000000099999999991 0.00000000099999999991 0.00000000099999999991 
0.99999999700000008485 0.00000000099999999990 0.00000000099999999990 0.00000000099999999990 
0.99999999700000008485 0.00000000099999999991 0.00000000099999999991 0.00000000099999999991 
0.99999999699999997382 0.00000000099999999989 0.00000000099999999989 0.00000000099999999989 
0.99999999699999997382 0.00000000099999999995 0.00000000099999999995 0.00000000099999999995 
0.99999999700000008485 0.00000000099999999991 0.00000000099999999991 0.00000000099999999991 
0.99999999699999997382 0.00000000099999999992 0.00000000099999999992 0.00000000099999999992 
0.99999999700000008485 0.00000000099999999992 0.00000000099999999992 0.00000000099999999992 
0.99999999699999997382 0.00000000099999999995 0.00000000099999999995 0.00000000099999999995 
0.99999999700000008485 0.00000000099999999993 0.00000000099999999993 0.00000000099999999993 
0.99999999699999997382 0.00000000099999999996 0.00000000099999999996 0.00000000099999999996 
0.99999999700000008485 0.00000000099999999994 0.00000000099999999994 0.00000000099999999994 
0.98562734452168687671 0.00046326991196050330 0.00000000099999999999 0.01390938456635261618 
0.99715528909041217798 0.00284470890958775759 0.00000000099999999997 0.00000000099999999997 
0.96867225321050609566 0.00899836399221172478 0.02232938179728218703 0.00000000100000000000 
0.99999999699999997382 0.00000000099999999991 0.00000000099999999991 0.00000000099999999991 
0.99999999700000008485 0.00000000099999999989 0.00000000099999999989 0.00000000099999999989 
0.99843732886371450164 0.00156266913628550332 0.00000000099999999995 0.00000000099999999995 
0.99986102001623866631 0.00013897798376132691 0.00000000099999999995 0.00000000099999999995 
0.99657512573259854349 0.00000000099999999997 0.00342487226740134914 0.00000000099999999997 
0.00000000099999999985 0.00000000099999999985 0.99999999699999986280 0.00000000099999999985 
0.00000000099999999988 0.00000000099999999988 0.99999999699999997382 0.00000000099999999988 
0.00000000099999999985 0.00000000099999999985 0.99999999699999986280 0.00000000099999999985 
0.00000000099999999983 0.00000000099999999983 0.99999999699999997382 0.00000000099999999983 
0.00000000099999999989 0.00000000099999999989 0.99999999699999997382 0.00000000099999999989 
0.00000000099999999980 0.00000000099999999980 0.99999999699999986280 0.00000000099999999980 
0.00000000099999999991 0.00000000099999999991 0.99999999699999986280 0.00000000099999999991 
0.00000000099999999982 0.00000000099999999982 0.99999999699999986280 0.00000000099999999982 
0.00000000099999999982 0.00000000099999999982 0.99999999699999986280 0.00000000099999999982 
0.00000000099999999978 0.00000000099999999978 0.99999999699999986280 0.00000000099999999978 
0.00000000099999999982 0.00000000099999999982 0.99999999699999997382 0.00000000099999999982 
0.00000000099999999983 0.00000000099999999983 0.99999999699999997382 0.00000000099999999983 
0.00000000099999999987 0.00000000099999999987 0.99999999699999997382 0.00000000099999999987 
0.00000000099999999982 0.00000000099999999982 0.99999999699999997382 0.00000000099999999982 
0.00000000099999999985 0.00000000099999999985 0.99999999699999986280 0.00000000099999999985 
0.00000000099999999981 0.00000000099999999981 0.99999999699999997382 0.00000000099999999981 
0.00000000099999999981 0.00000000099999999981 0.99999999699999997382 0.00000000099999999981 
0.00000000099999999981 0.00000000099999999981 0.99999999699999986280 0.00000000099999999981 
0.00000000099999999979 0.00000000099999999979 0.99999999699999986280 0.00000000099999999979 
0.00000000099999999977 0.00000000099999999977 0.99999999699999986280 0.00000000099999999977 
0.00000000099999999998 0.00000014892823068904 0.99999984907176919791 0.00000000099999999998 
0.00111084306225832938 0.00000000099999999997 0.99888915493774166343 0.00000000099999999997 
0.00000000099999999995 0.00000057066837361817 0.99999942733162627828 0.00000000099999999995 
0.00000000099999999997 0.01084824863576734980 0.98915174936423255758 0.00000000099999999997 
0.00000000099999999996 0.02231800630772627289 0.97768199169227376633 0.00000000099999999996 
0.00010830551230696912 0.00726460462741596209 0.99262708886027717359 0.00000000099999999999 
0.00738629243323886929 0.00000000099999999997 0.99261370556676109533 0.00000000099999999997 
0.00000000099999999998 0.00047648870066957142 0.99952350929933042600 0.00000000099999999998 
0.00000000099999999995 0.00214167562160701153 0.99785832237839300340 0.00000000099999999995 
0.00000007428873413851 0.01086626533991135249 0.98913365937135444561 0.00000000099999999998 
0.02217781912175810846 0.00000000099999999995 0.97782217887824185443 0.00000000099999999995 
0.00000000099999999985 0.00000000099999999985 0.99999999699999997382 0.00000000099999999985 
0.00000000099999999987 0.00000000099999999987 0.99999999699999986280 0.00000000099999999987 
0.00000000099999999986 0.00000000099999999986 0.99999999699999986280 0.00000000099999999986 
0.00000000099999999988 0.00000000099999999988 0.99999999699999986280 0.00000000099999999988 
0.00000000099999999994 0.00000000099999999994 0.99999999699999997382 0.00000000099999999994 
0.00000000099999999990 0.00000000099999999990 0.99999999699999997382 0.00000000099999999990 
0.01563578512001538232 0.00000000099999999996 0.98436421287998454588 0.00000000099999999996 
0.03472985137862534544 0.00076206540273586205 0.96450808221863870706 0.00000000099999999999 
