0.00000000099999999991 0.00000000099999999991 0.94527050512227284162 0.05472949187772715302 0.00000000099999999991 
0.00000000099999999993 0.00000000099999999993 0.97195222825452987081 0.02804776874546999546 0.00000000099999999993 
0.00000000099999999991 0.00000000099999999991 0.93665805209842234458 0.06334194490157744883 0.00000000099999999991 
0.00204172142239953400 0.00000000099999999997 0.92764668218493206986 0.07031159439266826405 0.00000000099999999997 
0.00000000099999999986 0.00000000099999999986 0.99999999600000000211 0.00000000099999999986 0.00000000099999999986 
0.00000000099999999988 0.00000000099999999988 0.99999999600000000211 0.00000000099999999988 0.00000000099999999988 
0.00000000099999999989 0.00000000099999999989 0.99999999600000000211 0.00000000099999999989 0.00000000099999999989 
0.00000000099999999986 0.00000000099999999986 0.99999999599999989108 0.00000000099999999986 0.00000000099999999986 
0.00000000099999999987 0.00000000099999999987 0.98902791508673959520 0.01097208191326032659 0.00000000099999999987 
0.00744568917512515062 0.00000000099999999996 0.96674583912182798784 0.02580846970304680188 0.00000000099999999996 
0.00000000099999999993 0.00000000099999999993 0.99999999599999989108 0.00000000099999999993 0.00000000099999999993 
0.00000000099999999990 0.00000000099999999990 0.95575261961816182499 0.04424737738183815577 0.00000000099999999990 
0.00000000099999999984 0.00000000099999999984 0.99999999599999989108 0.00000000099999999984 0.00000000099999999984 
0.00000000099999999987 0.00000000099999999987 0.99999999599999989108 0.00000000099999999987 0.00000000099999999987 
0.00000000099999999987 0.00000000099999999987 0.99999999599999989108 0.00000000099999999987 0.00000000099999999987 
0.00000000099999999984 0.00000000099999999984 0.99999999600000000211 0.00000000099999999984 0.00000000099999999984 
0.00000000099999999986 0.00000000099999999986 0.99999999600000000211 0.00000000099999999986 0.00000000099999999986 
0.00000000099999999985 0.00000000099999999985 0.99999999600000000211 0.00000000099999999985 0.00000000099999999985 
0.00000000099999999990 0.00000000099999999990 0.99999993301635459186 0.00000006398364525230 0.00000000099999999990 
0.00000000099999999991 0.00000000099999999991 0.99999999599999989108 0.00000000099999999991 0.00000000099999999991 
0.00000000099999999957 0.00000000099999999957 0.00000000099999999957 0.00000000099999999957 0.99999999599999989108 
0.00000000099999999965 0.00000000099999999965 0.00000000099999999965 0.00000000099999999965 0.99999999599999989108 
0.00000000099999999960 0.00000000099999999960 0.00000000099999999960 0.00000000099999999960 0.99999999600000000211 
0.00000000099999999987 0.00000000099999999987 0.00000000099999999987 0.00000000099999999987 0.99999999599999989108 
0.00000000099999999991 0.00000000099999999991 0.00000000099999999991 0.00108337499740190761 0.99891662200259800919 
0.00000000099999999990 0.00000000099999999990 0.00000000099999999990 0.00000000099999999990 0.99999999599999989108 
0.00000000099999999961 0.00000000099999999961 0.00000000099999999961 0.00000000099999999961 0.99999999600000000211 
0.00000000099999999965 0.00000000099999999965 0.00000000099999999965 0.00000000099999999965 0.99999999600000000211 
0.00000000099999999963 0.00000000099999999963 0.00000000099999999963 0.00000000099999999963 0.99999999600000000211 
0.00000000099999999964 0.00000000099999999964 0.00000000099999999964 0.00000000099999999964 0.99999999599999989108 
0.00000000099999999962 0.00000000099999999962 0.00000000099999999962 0.00000000099999999962 0.99999999599999989108 
0.00000000099999999965 0.00000000099999999965 0.00000000099999999965 0.00000000099999999965 0.99999999600000000211 
0.00000000099999999994 0.00000000099999999994 0.02346740462394130561 0.00000095318924225140 0.97653164018681637426 
0.00000000099999999985 0.00000000099999999985 0.00000000099999999985 0.00000000099999999985 0.99999999599999989108 
0.00000000099999999987 0.00000000099999999987 0.00000000099999999987 0.00000000099999999987 0.99999999600000000211 
0.00000000099999999984 0.00000000099999999984 0.00000000099999999984 0.00000000099999999984 0.99999999599999989108 
0.00000000099999999987 0.00000000099999999987 0.00000000099999999987 0.00000000099999999987 0.99999999600000000211 
0.00000000099999999990 0.00000000099999999990 0.00000000099999999990 0.00000000099999999990 0.99999999600000000211 
0.00000000099999999963 0.00000000099999999963 0.00000000099999999963 0.00000000099999999963 0.99999999599999989108 
0.00000000099999999986 0.00000000099999999986 0.00000000099999999986 0.00000000099999999986 0.99999999600000000211 
0.00000000099999999964 0.00000000099999999964 0.00000000099999999964 0.00000000099999999964 0.99999999600000000211 
0.00000000099999999989 0.00000000099999999989 0.00000000099999999989 0.00000000099999999989 0.99999999599999989108 
0.00000000099999999963 0.00000000099999999963 0.00000000099999999963 0.00000000099999999963 0.99999999600000000211 
0.00000000099999999978 0.00000000099999999978 0.00000000099999999978 0.00000000099999999978 0.99999999600000000211 
0.00000000099999999959 0.00000000099999999959 0.00000000099999999959 0.00000000099999999959 0.99999999600000000211 
0.00000000099999999992 0.00000000099999999992 0.00000000099999999992 0.00000000099999999992 0.99999999600000000211 
0.00000000099999999960 0.00000000099999999960 0.00000000099999999960 0.00000000099999999960 0.99999999600000000211 
0.00000000099999999965 0.00000000099999999965 0.00000000099999999965 0.00000000099999999965 0.99999999600000000211 
0.00000000099999999961 0.00000000099999999961 0.00000000099999999961 0.00000000099999999961 0.99999999600000000211 
0.00000000099999999964 0.00000000099999999964 0.00000000099999999964 0.00000000099999999964 0.99999999599999989108 
0.00000000099999999971 0.00000000099999999971 0.00000000099999999971 0.00000000099999999971 0.99999999599999989108 
0.00000000099999999967 0.00000000099999999967 0.00000000099999999967 0.00000000099999999967 0.99999999599999989108 
0.00000000099999999969 0.00000000099999999969 0.00000000099999999969 0.00000000099999999969 0.99999999600000000211 
0.00000000099999999985 0.00000000099999999985 0.00000000099999999985 0.00000000099999999985 0.99999999599999989108 
0.00000000099999999982 0.00000000099999999982 0.00000000099999999982 0.00013782096436143400 0.99986217603563853906 
0.00000000099999999967 0.00000000099999999967 0.00000000099999999967 0.00000000099999999967 0.99999999599999989108 
0.00000000099999999966 0.00000000099999999966 0.00000000099999999966 0.00000000099999999966 0.99999999599999989108 
0.00000000099999999967 0.00000000099999999967 0.00000000099999999967 0.00000000099999999967 0.99999999600000000211 
0.00000000099999999998 0.00000000099999999998 0.91563800715856835666 0.08436198984143145063 0.00000000099999999998 
0.00257090964733912557 0.00873384722813868968 0.92096746299112097756 0.06772777913340116696 0.00000000099999999999 
0.00000000099999999992 0.00000000099999999992 0.99999999599999989108 0.00000000099999999992 0.00000000099999999992 
0.01534081400667852702 0.00000000099999999998 0.94535507909358473810 0.03281040045023778107 0.00649370544949902893 
0.01201639947182159100 0.00000000099999999997 0.94193741545985198993 0.04604618306832631430 0.00000000099999999997 
0.02692896856266636593 0.00000000099999999999 0.92848130061376699107 0.02758818433833275588 0.01700154548523384601 
0.00000000099999999987 0.00000000099999999987 0.99999999599999989108 0.00000000099999999987 0.00000000099999999987 
0.00000000099999999987 0.00000000099999999987 0.99999999599999989108 0.00000000099999999987 0.00000000099999999987 
0.00171425487177063042 0.02769726953435003303 0.89572505918726297303 0.03929080470965772010 0.03557261169695859204 
0.00000000099999999997 0.01210016905670217857 0.98206078734838686550 0.00583904159491080866 0.00000000099999999997 
0.00000000099999999997 0.00000000099999999997 0.90919230688162366860 0.08913342733469509227 0.00167426378368128008 
0.00234437224959151147 0.01017905306799125539 0.91941288901699336211 0.06806368466542393747 0.00000000099999999999 
0.05165887213684547397 0.00000000100000000000 0.87678696680807788333 0.06936478080620754605 0.00218937924886895841 
0.00000000099999999989 0.00000000099999999989 0.99999999600000000211 0.00000000099999999989 0.00000000099999999989 
0.00000000099999999985 0.00000000099999999985 0.99999999599999989108 0.00000000099999999985 0.00000000099999999985 
0.00000000099999999985 0.00000000099999999985 0.99999999600000000211 0.00000000099999999985 0.00000000099999999985 
0.00000000099999999990 0.00000000099999999990 0.99999999600000000211 0.00000000099999999990 0.00000000099999999990 
0.00000000099999999986 0.00000000099999999986 0.99999999599999989108 0.00000000099999999986 0.00000000099999999986 
0.00000000099999999962 0.00000000099999999962 0.00000000099999999962 0.99999999600000000211 0.00000000099999999962 
0.00000000099999999962 0.00000000099999999962 0.00000000099999999962 0.99999999600000000211 0.00000000099999999962 
0.00000000099999999962 0.00000000099999999962 0.00000000099999999962 0.99999999600000000211 0.00000000099999999962 
0.00000000099999999961 0.00000000099999999961 0.00000000099999999961 0.99999999600000000211 0.00000000099999999961 
0.00000000099999999962 0.00000000099999999962 0.00000000099999999962 0.99999999599999989108 0.00000000099999999962 
0.00000000099999999961 0.00000000099999999961 0.00000000099999999961 0.99999999600000000211 0.00000000099999999961 
0.00000000099999999962 0.00000000099999999962 0.00000000099999999962 0.99999999599999989108 0.00000000099999999962 
0.00000000099999999958 0.00000000099999999958 0.00000000099999999958 0.99999999599999989108 0.00000000099999999958 
0.00000000099999999968 0.00000000099999999968 0.00000000099999999968 0.99999999600000000211 0.00000000099999999968 
0.00000000099999999960 0.00000000099999999960 0.00000000099999999960 0.99999999600000000211 0.00000000099999999960 
0.00000000099999999985 0.00000000099999999985 0.00000000099999999985 0.81115779639151375235 0.18884220060848633249 
0.00000000099999999973 0.00000000099999999973 0.00000000099999999973 0.99999999599999989108 0.00000000099999999973 
0.00000000099999999969 0.00000000099999999969 0.00000000099999999969 0.99999999600000000211 0.00000000099999999969 
0.00000000099999999966 0.00000000099999999966 0.00000000099999999966 0.99999999599999989108 0.00000000099999999966 
0.10410904144277091654 0.85537059518040881034 0.04046973844860297237 0.00005062392821720193 0.00000000099999999999 
0.05273578582557866823 0.94726421117442138886 0.00000000099999999982 0.00000000099999999982 0.00000000099999999982 
0.03281864688020245946 0.96718135011979755600 0.00000000099999999986 0.00000000099999999986 0.00000000099999999986 
0.08933104689260072673 0.87623118922491727290 0.02767313519813775075 0.00000000099999999999 0.00676462768434440455 
0.01663766448909427889 0.98336233251090565677 0.00000000099999999985 0.00000000099999999985 0.00000000099999999985 
0.05111158548770039500 0.94888841151229952331 0.00000000099999999989 0.00000000099999999989 0.00000000099999999989 
0.06203950468998151863 0.91022005052453469620 0.00000000099999999996 0.02774044278548383827 0.00000000099999999996 
0.07577169579021261758 0.90368103245284281400 0.00089432850215308778 0.01965294225479139942 0.00000000099999999998 
0.05227004681561066290 0.94772995018438943582 0.00000000099999999992 0.00000000099999999992 0.00000000099999999992 
0.07995543357030698850 0.91727071410696747744 0.00000000099999999996 0.00277385032272555680 0.00000000099999999996 
0.11823921855767148548 0.87100864130913346894 0.00000000099999999994 0.01075213813319498071 0.00000000099999999994 
0.03944238151967752182 0.96055761548032259078 0.00000000099999999990 0.00000000099999999990 0.00000000099999999990 
0.02917890863630479351 0.95542785013755782142 0.01539323922613726817 0.00000000099999999998 0.00000000099999999998 
0.01393585083080397385 0.98606414616919602079 0.00000000099999999992 0.00000000099999999992 0.00000000099999999992 
0.06389789913049621906 0.92520416942988747966 0.00000000099999999996 0.01089792943961628673 0.00000000099999999996 
0.02935771805338261570 0.97064227894661747609 0.00000000099999999989 0.00000000099999999989 0.00000000099999999989 
0.03742383067353474702 0.96257616632646536559 0.00000000099999999990 0.00000000099999999990 0.00000000099999999990 
0.00235729157197505507 0.99764270542802502284 0.00000000099999999991 0.00000000099999999991 0.00000000099999999991 
0.03021613718220895334 0.96978385981779113845 0.00000000099999999988 0.00000000099999999988 0.00000000099999999988 
0.02806655140207751920 0.97193344559792249626 0.00000000099999999988 0.00000000099999999988 0.00000000099999999988 
0.99999999600000000211 0.00000000099999999959 0.00000000099999999959 0.00000000099999999959 0.00000000099999999959 
0.99999999600000000211 0.00000000099999999961 0.00000000099999999961 0.00000000099999999961 0.00000000099999999961 
0.74290694136208312859 0.23733258666998133246 0.00000000099999999995 0.01976046996793537000 0.00000000099999999995 
0.99999999600000011313 0.00000000099999999970 0.00000000099999999970 0.00000000099999999970 0.00000000099999999970 
0.99999999600000011313 0.00000000099999999958 0.00000000099999999958 0.00000000099999999958 0.00000000099999999958 
0.99999999600000000211 0.00000000099999999961 0.00000000099999999961 0.00000000099999999961 0.00000000099999999961 
0.99999999600000011313 0.00000000099999999963 0.00000000099999999963 0.00000000099999999963 0.00000000099999999963 
0.99999999600000011313 0.00000000099999999960 0.00000000099999999960 0.00000000099999999960 0.00000000099999999960 
0.99999999600000011313 0.00000000099999999962 0.00000000099999999962 0.00000000099999999962 0.00000000099999999962 
0.71823680637290465700 0.24453645865554329841 0.00000000099999999997 0.03722673297155203176 0.00000000099999999997 
0.99999999600000011313 0.00000000099999999962 0.00000000099999999962 0.00000000099999999962 0.00000000099999999962 
0.99999999600000011313 0.00000000099999999963 0.00000000099999999963 0.00000000099999999963 0.00000000099999999963 
0.99999999600000011313 0.00000000099999999968 0.00000000099999999968 0.00000000099999999968 0.00000000099999999968 
0.99999999600000000211 0.00000000099999999969 0.00000000099999999969 0.00000000099999999969 0.00000000099999999969 
0.99999999600000000211 0.00000000099999999969 0.00000000099999999969 0.00000000099999999969 0.00000000099999999969 
0.99999999600000000211 0.00000000099999999962 0.00000000099999999962 0.00000000099999999962 0.00000000099999999962 
0.99999999600000011313 0.00000000099999999964 0.00000000099999999964 0.00000000099999999964 0.00000000099999999964 
0.99999999600000000211 0.00000000099999999972 0.00000000099999999972 0.00000000099999999972 0.00000000099999999972 
0.99999999600000011313 0.00000000099999999973 0.00000000099999999973 0.00000000099999999973 0.00000000099999999973 
0.31564780731169372885 0.55762231375076598550 0.05738910804609560767 0.04423610795773382648 0.02510466293371092783 
0.34413797044913191359 0.50378773407590249356 0.10147680139401200894 0.05059749308095355669 0.00000000099999999999 
0.30874606321298120326 0.55543102836120683552 0.07921099033390260891 0.05661191709190926263 0.00000000099999999998 
0.31959697701894218547 0.52771436653144065954 0.09891509218210346732 0.05377356326751358412 0.00000000099999999999 
0.32154169644717678356 0.57440504414335735728 0.08145816256003202138 0.01803883620277585073 0.00455626064665811802 
0.37360601100676377184 0.50381750183246842845 0.02807804519900853474 0.09449844096175921693 0.00000000099999999998 
0.31002110472689581311 0.53474534339575463537 0.07207261622422821146 0.08316093465312140998 0.00000000099999999999 
0.30301479259554880974 0.54529187609950147131 0.06840581259389269531 0.06608178271352097011 0.01720573599753618191 
0.29841615788517633634 0.59046785069446694472 0.06129387105270384106 0.04982211843026337905 0.00000000193738951650 
0.33892566113175731646 0.57916970043208138019 0.00507316678797740690 0.07683147064818367233 0.00000000099999999998 
0.33430493925046228521 0.54323389104769759239 0.05804196049364906268 0.03397673365759422415 0.03044247555059672802 
0.38092828476567786034 0.51440838826708346065 0.05316600150230518101 0.05149732446493358179 0.00000000099999999999 
0.35486813703308917045 0.55007482073342750528 0.01953534100855020689 0.07552170022493297219 0.00000000099999999998 
0.26533754012139831868 0.61246967194291512815 0.04320738061529201535 0.05028676266536821066 0.02869864465502630635 
0.35698406000185162190 0.55832966820937668384 0.00000000099999999998 0.08468626978877154265 0.00000000099999999998 
0.31509729090185539802 0.55786787402712567641 0.01508869385826751633 0.10534832942501096142 0.00659781178774036196 
0.36904599854740660625 0.55885996187817610359 0.00000000099999999999 0.07209403757441723570 0.00000000099999999999 
0.00000000099999999997 0.00000000099999999997 0.96693892487007504499 0.03306107212992483863 0.00000000099999999997 
0.00000000099999999988 0.00000000099999999988 0.99999999599999989108 0.00000000099999999988 0.00000000099999999988 
0.00000000099999999991 0.00000000099999999991 0.99999999110691972781 0.00000000589308024237 0.00000000099999999991 
0.00000000099999999995 0.00000000099999999995 0.98172084182019414555 0.01827914758444798213 0.00000000859535796931 
0.00000000099999999993 0.00000000099999999993 0.99967616617609755814 0.00032383082390238278 0.00000000099999999993 
0.00000000099999999995 0.00000000099999999995 0.97741448103647377010 0.00626746682991560083 0.01631805013361061971 
0.00000000099999999993 0.00000000099999999993 0.99752049707628731579 0.00247949992371258908 0.00000000099999999993 
0.00000000099999999993 0.00000000099999999993 0.96230759882520910953 0.03769239817479079491 0.00000000099999999993 
0.00000000099999999988 0.00000000099999999988 0.99999999599999989108 0.00000000099999999988 0.00000000099999999988 
0.00003139161036547996 0.00000000099999999995 0.99996860538963461273 0.00000000099999999995 0.00000000099999999995 
0.00000000099999999993 0.00000000099999999993 0.92740723340331221447 0.07259276359668771772 0.00000000099999999993 
0.00788158143789524819 0.00000000099999999997 0.99211841556210467186 0.00000000099999999997 0.00000000099999999997 
0.00000000099999999996 0.00000000099999999996 0.98488152512317694853 0.01511847187682294896 0.00000000099999999996 
0.00000000099999999988 0.00000000099999999988 0.96035928564151540332 0.03964071135848450805 0.00000000099999999988 
0.00000000099999999992 0.00000000099999999992 0.97631073867881457140 0.02368925832118534344 0.00000000099999999992 
0.00000000099999999995 0.00000000099999999995 0.97237345691649368362 0.02762654008350626939 0.00000000099999999995 
0.00000000099999999987 0.00000000099999999987 0.99999999599999989108 0.00000000099999999987 0.00000000099999999987 
0.00000000099999999991 0.00000000099999999991 0.94479097616167118101 0.05520902083832881363 0.00000000099999999991 
0.00000000099999999996 0.00000000099999999996 0.92714389161755994540 0.07285610538243995904 0.00000000099999999996 
0.00000000099999999996 0.00000000099999999996 0.97358228028365512152 0.02641771671634482455 0.00000000099999999996 
0.00000000099999999993 0.00000000099999999993 0.95402974459841649590 0.04597025240158350567 0.00000000099999999993 
0.00000000099999999993 0.00000000099999999993 0.95992383231106137575 0.04007616468893851480 0.00000000099999999993 
0.00000000099999999993 0.00000000099999999993 0.97808034492479312139 0.02191965207520678999 0.00000000099999999993 
0.00000000099999999997 0.00000000099999999997 0.90327448897781881243 0.08754505584710831068 0.00918045317507280509 
0.00000000099999999991 0.00000000099999999991 0.95974312867213151801 0.04025686832786849745 0.00000000099999999991 
0.01439340448296737990 0.00000000099999999999 0.92728739330719567313 0.04856217548787546828 0.00975702572196138727 
0.00000000099999999994 0.00000000099999999994 0.95657133442826314251 0.04342866257173671335 0.00000000099999999994 
0.00000000099999999994 0.00000000099999999994 0.87814683650593872155 0.08721440859721894812 0.03463875289684226894 
0.00000000099999999993 0.00000000099999999993 0.96337249918505751811 0.03662749781494254592 0.00000000099999999993 
0.00000000099999999998 0.01287926172182393865 0.97758839269666597538 0.00953234358151001937 0.00000000099999999998 
0.00000000099999999999 0.00000000099999999999 0.93335630495144650265 0.03349202481423600719 0.03315166823431736631 
0.00000000099999999993 0.00000000099999999993 0.93376550746947917236 0.06623448953052077370 0.00000000099999999993 
0.00000000099999999993 0.00000000099999999993 0.93893899315061124522 0.06106100384938869391 0.00000000099999999993 
0.00000000099999999997 0.00000000099999999997 0.94066670990348844050 0.04419536656405124303 0.01513792153246029670 
0.00000000099999999998 0.00272481738482071006 0.95152557675069182608 0.04574960386448743976 0.00000000099999999998 
0.00000000099999999996 0.00000000099999999996 0.91748185070360466220 0.05970001320645300369 0.02281813408994226577 
0.00000000099999999999 0.00001586748607397143 0.94444399543651869067 0.04110206342658635770 0.01443807265082111720 
0.00000000099999999998 0.00172172633583291836 0.92546682248830325346 0.07281144917586389320 0.00000000099999999998 
0.00000000099999999996 0.00000000099999999996 0.87544012019380046397 0.11041787618084622502 0.01414200162535329125 
0.00000000099999999989 0.00000000099999999989 0.92911435850765322630 0.07088563849234673364 0.00000000099999999989 
0.00000000099999999994 0.00000000099999999994 0.93910034163701527898 0.05162288263865872501 0.00927677372432592073 
0.00000000099999999997 0.00000000099999999997 0.92160322870241806470 0.06159223586631250302 0.01680453343126943333 
0.00000000099999999993 0.00000000099999999993 0.94568057329381338683 0.05431942370618644128 0.00000000099999999993 
0.00000000099999999994 0.00000000099999999994 0.92007680645457801116 0.07992319054542196266 0.00000000099999999994 
0.00000000099999999989 0.00000000099999999989 0.99999999600000000211 0.00000000099999999989 0.00000000099999999989 
0.00348865753326467985 0.00000000099999999997 0.96031178244043557957 0.03619955802629962888 0.00000000099999999997 
0.00000000099999999995 0.00000000099999999995 0.95376294569039155036 0.04615334348526554942 0.00008370882434275807 
0.00000000099999999992 0.00000000099999999992 0.93287486392451846040 0.05063217781467969220 0.01649295626080175478 
0.00000000099999999989 0.00000000099999999989 0.97250724693781076535 0.02749275006218920500 0.00000000099999999989 
0.00000000099999999992 0.00000000099999999992 0.95444744199483244618 0.04555255500516761785 0.00000000099999999992 
0.00000000099999999989 0.00000000099999999989 0.97735772866524850411 0.02264226833475146625 0.00000000099999999989 
0.00000000099999999997 0.01334608564638176641 0.91081155334273622426 0.07584235901088198784 0.00000000099999999997 
0.00000000099999999992 0.00000000099999999992 0.98580250090177712341 0.01419749609822278970 0.00000000099999999992 
0.00130352663051147696 0.00000000099999999999 0.90769656944658028142 0.08711460498404581532 0.00388529793886236699 
0.05906166280987769357 0.91121544044084124003 0.02891380736004084406 0.00080908838924019088 0.00000000099999999999 
0.07775882589997427929 0.91759604538613448454 0.00000000099999999997 0.00464512671389111578 0.00000000099999999997 
0.00677095894940482959 0.97273239298697267152 0.00028359530021727469 0.02021305176340516124 0.00000000099999999998 
0.04276598492663902934 0.95723401207336100693 0.00000000099999999991 0.00000000099999999991 0.00000000099999999991 
0.04892988292524864252 0.81499386414795904621 0.13607625092679223600 0.00000000099999999998 0.00000000099999999998 
0.04501626016646502471 0.89617107493611081193 0.03380145202160454027 0.02501121187581965138 0.00000000099999999996 
0.04148298895464723468 0.91447861823339238185 0.02670789058459279233 0.01723628015067964897 0.00009422207668782077 
0.00129599366461651401 0.95057056797018857353 0.04511773057398256459 0.00301570679121225625 0.00000000099999999998 
0.03732849071123332113 0.96267150628876674290 0.00000000099999999993 0.00000000099999999993 0.00000000099999999993 
0.03586377948528757936 0.96413621751471234589 0.00000000099999999991 0.00000000099999999991 0.00000000099999999991 
0.01639057502563901272 0.96358036968700566671 0.02002905328735540835 0.00000000099999999998 0.00000000099999999998 
0.04944278812647238952 0.95055720887352779247 0.00000000099999999994 0.00000000099999999994 0.00000000099999999994 
0.00967788099275319717 0.91212189273581512072 0.07820022427143159816 0.00000000099999999995 0.00000000099999999995 
0.03094235023932281198 0.96905764676067718266 0.00000000099999999994 0.00000000099999999994 0.00000000099999999994 
0.01862924444156785833 0.93970610132080190091 0.04162560857682973819 0.00003904466080061544 0.00000000099999999998 
0.04754513384142279586 0.90015145301790822074 0.05230341114066903996 0.00000000099999999994 0.00000000099999999994 
0.02510692065639600831 0.97489307634360389265 0.00000000099999999988 0.00000000099999999988 0.00000000099999999988 
0.00000000099999999995 0.97714994059915794011 0.02285005640084216208 0.00000000099999999995 0.00000000099999999995 
0.04478235399386749221 0.95158397501732716606 0.00363366898880533844 0.00000000099999999995 0.00000000099999999995 
0.03206241747455495367 0.96793757952544512424 0.00000000099999999990 0.00000000099999999990 0.00000000099999999990 
0.00000000099999999975 0.99999999600000000211 0.00000000099999999975 0.00000000099999999975 0.00000000099999999975 
0.00000000099999999977 0.99999999600000000211 0.00000000099999999977 0.00000000099999999977 0.00000000099999999977 
0.00000000099999999984 0.99999999600000011313 0.00000000099999999984 0.00000000099999999984 0.00000000099999999984 
0.00000000099999999975 0.99999999600000000211 0.00000000099999999975 0.00000000099999999975 0.00000000099999999975 
0.00000000099999999983 0.99999999600000011313 0.00000000099999999983 0.00000000099999999983 0.00000000099999999983 
0.00000000099999999977 0.99999999600000000211 0.00000000099999999977 0.00000000099999999977 0.00000000099999999977 
0.00000000099999999976 0.99999999600000011313 0.00000000099999999976 0.00000000099999999976 0.00000000099999999976 
0.00000000099999999973 0.99999999600000000211 0.00000000099999999973 0.00000000099999999973 0.00000000099999999973 
0.00000000099999999987 0.99999999600000011313 0.00000000099999999987 0.00000000099999999987 0.00000000099999999987 
0.00000000099999999977 0.99999999600000000211 0.00000000099999999977 0.00000000099999999977 0.00000000099999999977 
0.00000000099999999979 0.99999999600000011313 0.00000000099999999979 0.00000000099999999979 0.00000000099999999979 
0.00000000099999999976 0.99999999600000000211 0.00000000099999999976 0.00000000099999999976 0.00000000099999999976 
0.00000000099999999978 0.99999999600000000211 0.00000000099999999978 0.00000000099999999978 0.00000000099999999978 
0.00000000099999999982 0.99999999600000000211 0.00000000099999999982 0.00000000099999999982 0.00000000099999999982 
0.00000000099999999982 0.99999999600000000211 0.00000000099999999982 0.00000000099999999982 0.00000000099999999982 
0.00000000099999999983 0.99999999600000011313 0.00000000099999999983 0.00000000099999999983 0.00000000099999999983 
0.00000000099999999973 0.99999999600000011313 0.00000000099999999973 0.00000000099999999973 0.00000000099999999973 
0.00000000099999999984 0.99999999600000011313 0.00000000099999999984 0.00000000099999999984 0.00000000099999999984 
0.00000000099999999991 0.99999999600000011313 0.00000000099999999991 0.00000000099999999991 0.00000000099999999991 
0.00000000099999999993 0.98126907631022386447 0.01873092068977613017 0.00000000099999999993 0.00000000099999999993 
0.00000000099999999990 0.00000000099999999990 0.99999999600000000211 0.00000000099999999990 0.00000000099999999990 
0.00017086448647075982 0.00000021067345477438 0.99982892284007451877 0.00000000099999999998 0.00000000099999999998 
0.00000000099999999981 0.00000000099999999981 0.99999999599999989108 0.00000000099999999981 0.00000000099999999981 
0.00000000099999999988 0.00000000099999999988 0.97814470033661271575 0.02185529666338721644 0.00000000099999999988 
0.00000000099999999982 0.00000000099999999982 0.99999999599999989108 0.00000000099999999982 0.00000000099999999982 
0.00000000099999999987 0.00000000099999999987 0.99999999600000000211 0.00000000099999999987 0.00000000099999999987 
0.00000000099999999979 0.00000000099999999979 0.99999999600000000211 0.00000000099999999979 0.00000000099999999979 
0.00000000099999999980 0.00000000099999999980 0.99999999599999989108 0.00000000099999999980 0.00000000099999999980 
0.00000000099999999981 0.00000000099999999981 0.99999999600000000211 0.00000000099999999981 0.00000000099999999981 
0.00000000099999999990 0.00000000099999999990 0.99999999600000000211 0.00000000099999999990 0.00000000099999999990 
0.00000000099999999986 0.00000000099999999986 0.99999999600000000211 0.00000000099999999986 0.00000000099999999986 
0.00000000099999999986 0.00000000099999999986 0.99999995488792114973 0.00000004211207887180 0.00000000099999999986 
0.00000000099999999988 0.00000000099999999988 0.99999999599999989108 0.00000000099999999988 0.00000000099999999988 
0.00000000099999999984 0.00000000099999999984 0.99999999599999989108 0.00000000099999999984 0.00000000099999999984 
0.00000000099999999993 0.00000000099999999993 0.99999999600000000211 0.00000000099999999993 0.00000000099999999993 
0.00000000099999999986 0.00000000099999999986 0.99999999599999989108 0.00000000099999999986 0.00000000099999999986 
0.00000000099999999989 0.00000000099999999989 0.99999999599999989108 0.00000000099999999989 0.00000000099999999989 
0.00000000099999999988 0.00000000099999999988 0.99999999599999989108 0.00000000099999999988 0.00000000099999999988 
0.00000000099999999995 0.00000000099999999995 0.99994594633157374286 0.00005405066842610683 0.00000000099999999995 
0.00000000099999999990 0.00000000099999999990 0.99999999599999989108 0.00000000099999999990 0.00000000099999999990 
0.00000000099999999994 0.00000000099999999994 0.99999919670987358344 0.00000080029012623813 0.00000000099999999994 
0.00000000099999999992 0.00000000099999999992 0.99999999599999989108 0.00000000099999999992 0.00000000099999999992 
0.00000000099999999998 0.00000000099999999998 0.98716911725589273630 0.00000769908936673232 0.01282318165474041760 
0.00000000099999999996 0.00000000099999999996 0.99999999599999989108 0.00000000099999999996 0.00000000099999999996 
0.03031083410817410340 0.00000000099999999998 0.96793130141774752495 0.00175786247407838376 0.00000000099999999998 
0.00000000099999999987 0.00000000099999999987 0.99999999600000000211 0.00000000099999999987 0.00000000099999999987 
0.00000000099999999985 0.00000000099999999985 0.99999999599999989108 0.00000000099999999985 0.00000000099999999985 
0.00000000099999999992 0.00000000099999999992 0.97189520240418281194 0.02810479459581705433 0.00000000099999999992 
0.00000000099999999992 0.00000000099999999992 0.98937213623127318041 0.01062786076872663209 0.00000000099999999992 
0.00003899901311040027 0.00000000099999999996 0.97347862338911939073 0.02648237559777010322 0.00000000099999999996 
0.00000000099999999982 0.99999999600000011313 0.00000000099999999982 0.00000000099999999982 0.00000000099999999982 
0.00000000099999999985 0.99999999600000000211 0.00000000099999999985 0.00000000099999999985 0.00000000099999999985 
0.00000000099999999984 0.99999999600000011313 0.00000000099999999984 0.00000000099999999984 0.00000000099999999984 
0.00000000099999999982 0.99999999600000000211 0.00000000099999999982 0.00000000099999999982 0.00000000099999999982 
0.00000000099999999987 0.99999999600000000211 0.00000000099999999987 0.00000000099999999987 0.00000000099999999987 
0.00000000099999999976 0.99999999600000000211 0.00000000099999999976 0.00000000099999999976 0.00000000099999999976 
0.00000000099999999988 0.99999999600000000211 0.00000000099999999988 0.00000000099999999988 0.00000000099999999988 
0.00000000099999999979 0.99999999600000000211 0.00000000099999999979 0.00000000099999999979 0.00000000099999999979 
0.00000000099999999978 0.99999999600000000211 0.00000000099999999978 0.00000000099999999978 0.00000000099999999978 
0.00000000099999999974 0.99999999600000011313 0.00000000099999999974 0.00000000099999999974 0.00000000099999999974 
0.00000000099999999979 0.99999999600000000211 0.00000000099999999979 0.00000000099999999979 0.00000000099999999979 
0.00000000099999999978 0.99999999600000011313 0.00000000099999999978 0.00000000099999999978 0.00000000099999999978 
0.00000000099999999983 0.99999999600000011313 0.00000000099999999983 0.00000000099999999983 0.00000000099999999983 
0.00000000099999999978 0.99999999600000000211 0.00000000099999999978 0.00000000099999999978 0.00000000099999999978 
0.00000000099999999981 0.99999999600000000211 0.00000000099999999981 0.00000000099999999981 0.00000000099999999981 
0.00000000099999999978 0.99999999600000011313 0.00000000099999999978 0.00000000099999999978 0.00000000099999999978 
0.00000000099999999978 0.99999999600000000211 0.00000000099999999978 0.00000000099999999978 0.00000000099999999978 
0.00000000099999999977 0.99999999600000011313 0.00000000099999999977 0.00000000099999999977 0.00000000099999999977 
0.00000000099999999975 0.99999999600000000211 0.00000000099999999975 0.00000000099999999975 0.00000000099999999975 
0.00000000099999999973 0.99999999600000000211 0.00000000099999999973 0.00000000099999999973 0.00000000099999999973 
0.00000000099999999996 0.99347098392041077730 0.00000000099999999996 0.00652901307958931101 0.00000000099999999996 
0.00000000099999999995 0.99515419914861391604 0.00000000099999999995 0.00484579785138619570 0.00000000099999999995 
0.00000000099999999991 0.99999999600000011313 0.00000000099999999991 0.00000000099999999991 0.00000000099999999991 
0.00000000099999999993 0.98610227764606905865 0.00000000099999999993 0.01389771935393093426 0.00000000099999999993 
0.00000000099999999993 0.96509468997561975723 0.00000000099999999993 0.03490530702438021660 0.00000000099999999993 
0.00000000099999999997 0.99408615048852277951 0.00000000099999999997 0.00591384651147727758 0.00000000099999999997 
0.00000000099999999996 0.99999984719722767590 0.00000014980277242414 0.00000000099999999996 0.00000000099999999996 
0.00001481971099248205 0.98962604527461461856 0.00000000099999999997 0.01035913301439292215 0.00000000099999999997 
0.00000000099999999991 0.99999995953939846416 0.00000000099999999991 0.00000003746060152360 0.00000000099999999991 
0.00000000099999999996 0.99011851917636273246 0.00000000099999999996 0.00988147782363741310 0.00000000099999999996 
0.02488528744496414091 0.95917941825395092170 0.01593529230108503905 0.00000000099999999996 0.00000000099999999996 
0.00000001729741889689 0.99999997970258103219 0.00000000099999999986 0.00000000099999999986 0.00000000099999999986 
0.00000000099999999986 0.99999999600000000211 0.00000000099999999986 0.00000000099999999986 0.00000000099999999986 
0.00000000099999999984 0.99999999600000000211 0.00000000099999999984 0.00000000099999999984 0.00000000099999999984 
0.00000000099999999986 0.99999999600000011313 0.00000000099999999986 0.00000000099999999986 0.00000000099999999986 
0.00000000099999999991 0.99999999600000011313 0.00000000099999999991 0.00000000099999999991 0.00000000099999999991 
0.00000000099999999988 0.99999999600000011313 0.00000000099999999988 0.00000000099999999988 0.00000000099999999988 
0.01616739311553403932 0.97844823185628349016 0.00538434865985995548 0.00000002536832236975 0.00000000099999999998 
0.01760474362686210298 0.95895960805165236795 0.01369197642627524754 0.00974367089521020573 0.00000000099999999999 
