0.00000000099999999987 0.00000000099999999987 0.00000000099999999987 0.94532314082233670494 0.00000000099999999987 0.05467685517766340819 
0.00000000099999999991 0.00000000099999999991 0.00000000099999999991 0.97001313203668060314 0.00000000099999999991 0.02998686396331937815 
0.00000000099999999987 0.00000000099999999987 0.00000000099999999987 0.93639041597831029762 0.00000000099999999987 0.06360958002168967673 
0.00408679126810949488 0.00000000099999999997 0.00000000099999999997 0.92671435139276692183 0.00000009959454234758 0.06919875574458121681 
0.00000000099999999981 0.00000000099999999981 0.00000000099999999981 0.99999999499999991937 0.00000000099999999981 0.00000000099999999981 
0.00000000099999999983 0.00000000099999999983 0.00000000099999999983 0.99999999499999991937 0.00000000099999999983 0.00000000099999999983 
0.00000000099999999986 0.00000000099999999986 0.00000000099999999986 0.99999999499999991937 0.00000000099999999986 0.00000000099999999986 
0.00000000099999999981 0.00000000099999999981 0.00000000099999999981 0.99999999499999991937 0.00000000099999999981 0.00000000099999999981 
0.00000000099999999981 0.00000000099999999981 0.00000000099999999981 0.98741674639043242045 0.00000000099999999981 0.01258324960956755563 
0.00000000099999999994 0.00000000099999999994 0.00000000099999999994 0.96768064693013955413 0.00746943138349043939 0.02484991868637012949 
0.00000000099999999990 0.00000000099999999990 0.00000000099999999990 0.99999997539343465913 0.00000002060656525685 0.00000000099999999990 
0.00000000099999999987 0.00000000099999999987 0.00000000099999999987 0.95578109716809889207 0.00000000099999999987 0.04421889883190120024 
0.00000000099999999979 0.00000000099999999979 0.00000000099999999979 0.99999999500000003039 0.00000000099999999979 0.00000000099999999979 
0.00000000099999999982 0.00000000099999999982 0.00000000099999999982 0.99999999500000003039 0.00000000099999999982 0.00000000099999999982 
0.00000000099999999982 0.00000000099999999982 0.00000000099999999982 0.99999999500000003039 0.00000000099999999982 0.00000000099999999982 
0.00000000099999999978 0.00000000099999999978 0.00000000099999999978 0.99999999500000003039 0.00000000099999999978 0.00000000099999999978 
0.00000000099999999981 0.00000000099999999981 0.00000000099999999981 0.99999999499999991937 0.00000000099999999981 0.00000000099999999981 
0.00000000099999999979 0.00000000099999999979 0.00000000099999999979 0.99999999499999991937 0.00000000099999999979 0.00000000099999999979 
0.00000000099999999987 0.00000000099999999987 0.00000000099999999987 0.99999248445643240668 0.00000000099999999987 0.00000751154356756076 
0.00000000099999999987 0.00000000099999999987 0.00000000099999999987 0.99999999499999991937 0.00000000099999999987 0.00000000099999999987 
0.00000000099999999945 0.00000000099999999945 0.99999999499999991937 0.00000000099999999945 0.00000000099999999945 0.00000000099999999945 
0.00000000099999999955 0.00000000099999999955 0.99999999500000003039 0.00000000099999999955 0.00000000099999999955 0.00000000099999999955 
0.00000000099999999948 0.00000000099999999948 0.99999999499999991937 0.00000000099999999948 0.00000000099999999948 0.00000000099999999948 
0.00000000099999999982 0.00000000099999999982 0.99999999499999991937 0.00000000099999999982 0.00000000099999999982 0.00000000099999999982 
0.00000000099999999986 0.00000000099999999986 0.99758452845564837830 0.00000000099999999986 0.00000000099999999986 0.00241546754435152406 
0.00000000099999999985 0.00000000099999999985 0.99999999499999991937 0.00000000099999999985 0.00000000099999999985 0.00000000099999999985 
0.00000000099999999949 0.00000000099999999949 0.99999999500000003039 0.00000000099999999949 0.00000000099999999949 0.00000000099999999949 
0.00000000099999999956 0.00000000099999999956 0.99999999499999991937 0.00000000099999999956 0.00000000099999999956 0.00000000099999999956 
0.00000000099999999952 0.00000000099999999952 0.99999999500000003039 0.00000000099999999952 0.00000000099999999952 0.00000000099999999952 
0.00000000099999999953 0.00000000099999999953 0.99999999500000003039 0.00000000099999999953 0.00000000099999999953 0.00000000099999999953 
0.00000000099999999951 0.00000000099999999951 0.99999999499999991937 0.00000000099999999951 0.00000000099999999951 0.00000000099999999951 
0.00000000099999999954 0.00000000099999999954 0.99999999500000003039 0.00000000099999999954 0.00000000099999999954 0.00000000099999999954 
0.00000000099999999991 0.00000000099999999991 0.97575282657336492864 0.02423307673411857419 0.00000000099999999991 0.00001409369251647126 
0.00000000099999999978 0.00000000099999999978 0.99999999500000003039 0.00000000099999999978 0.00000000099999999978 0.00000000099999999978 
0.00000000099999999981 0.00000000099999999981 0.99999999500000003039 0.00000000099999999981 0.00000000099999999981 0.00000000099999999981 
0.00000000099999999978 0.00000000099999999978 0.99999999500000003039 0.00000000099999999978 0.00000000099999999978 0.00000000099999999978 
0.00000000099999999981 0.00000000099999999981 0.99999999500000003039 0.00000000099999999981 0.00000000099999999981 0.00000000099999999981 
0.00000000099999999985 0.00000000099999999985 0.99999999499999991937 0.00000000099999999985 0.00000000099999999985 0.00000000099999999985 
0.00000000099999999952 0.00000000099999999952 0.99999999500000003039 0.00000000099999999952 0.00000000099999999952 0.00000000099999999952 
0.00000000099999999982 0.00000000099999999982 0.99999999500000003039 0.00000000099999999982 0.00000000099999999982 0.00000000099999999982 
0.00000000099999999954 0.00000000099999999954 0.99999999499999991937 0.00000000099999999954 0.00000000099999999954 0.00000000099999999954 
0.00000000099999999984 0.00000000099999999984 0.99999999499999991937 0.00000000099999999984 0.00000000099999999984 0.00000000099999999984 
0.00000000099999999954 0.00000000099999999954 0.99999999500000003039 0.00000000099999999954 0.00000000099999999954 0.00000000099999999954 
0.00000000099999999972 0.00000000099999999972 0.99999999499999991937 0.00000000099999999972 0.00000000099999999972 0.00000000099999999972 
0.00000000099999999946 0.00000000099999999946 0.99999999500000003039 0.00000000099999999946 0.00000000099999999946 0.00000000099999999946 
0.00000000099999999989 0.00000000099999999989 0.99999999499999991937 0.00000000099999999989 0.00000000099999999989 0.00000000099999999989 
0.00000000099999999948 0.00000000099999999948 0.99999999500000003039 0.00000000099999999948 0.00000000099999999948 0.00000000099999999948 
0.00000000099999999954 0.00000000099999999954 0.99999999499999991937 0.00000000099999999954 0.00000000099999999954 0.00000000099999999954 
0.00000000099999999950 0.00000000099999999950 0.99999999499999991937 0.00000000099999999950 0.00000000099999999950 0.00000000099999999950 
0.00000000099999999953 0.00000000099999999953 0.99999999500000003039 0.00000000099999999953 0.00000000099999999953 0.00000000099999999953 
0.00000000099999999962 0.00000000099999999962 0.99999999499999991937 0.00000000099999999962 0.00000000099999999962 0.00000000099999999962 
0.00000000099999999958 0.00000000099999999958 0.99999999499999991937 0.00000000099999999958 0.00000000099999999958 0.00000000099999999958 
0.00000000099999999959 0.00000000099999999959 0.99999999499999991937 0.00000000099999999959 0.00000000099999999959 0.00000000099999999959 
0.00000000099999999980 0.00000000099999999980 0.99999999499999991937 0.00000000099999999980 0.00000000099999999980 0.00000000099999999980 
0.00000000099999999975 0.00000000099999999975 0.99979635205263428510 0.00000000099999999975 0.00000000099999999975 0.00020364394736572432 
0.00000000099999999957 0.00000000099999999957 0.99999999499999991937 0.00000000099999999957 0.00000000099999999957 0.00000000099999999957 
0.00000000099999999955 0.00000000099999999955 0.99999999499999991937 0.00000000099999999955 0.00000000099999999955 0.00000000099999999955 
0.00000000099999999957 0.00000000099999999957 0.99999999499999991937 0.00000000099999999957 0.00000000099999999957 0.00000000099999999957 
0.00000000099999999997 0.00000000099999999997 0.00000000099999999997 0.91591592098459528870 0.00000000099999999997 0.08408407501540475504 
0.00000000099999999997 0.01172538672675377779 0.00000000099999999997 0.92099287119073725005 0.00001116376022749396 0.06727057632228136685 
0.00000000099999999990 0.00000000099999999990 0.00000000099999999990 0.99999999499999991937 0.00000000099999999990 0.00000000099999999990 
0.00000000099999999996 0.00000000099999999996 0.00755073720293690260 0.94356232988449928456 0.01654277915544785649 0.03234415175711592011 
0.00000000099999999996 0.00000000099999999996 0.00000000099999999996 0.94135163735357496595 0.01337861371300137249 0.04526974593342367875 
0.00000000099999999998 0.00000000099999999998 0.01726565596661204863 0.92675195730727666366 0.02737098762996107576 0.02861139709615006382 
0.00000000099999999982 0.00000000099999999982 0.00000000099999999982 0.99999999500000003039 0.00000000099999999982 0.00000000099999999982 
0.00000000099999999983 0.00000000099999999983 0.00000000099999999983 0.99999999500000003039 0.00000000099999999983 0.00000000099999999983 
0.00000000099999999999 0.02884015146884510647 0.03558913091113873745 0.89665234130902571330 0.00000001239035147284 0.03891836292063892422 
0.00000000099999999997 0.01362504109574307933 0.00000000099999999997 0.98020609386836465848 0.00000000099999999997 0.00616886203589239214 
0.00000000099999999995 0.00000000099999999995 0.00262533386087717520 0.90857896769447343832 0.00000030099041015293 0.08879539545423939528 
0.01417941457272697478 0.00000000099999999998 0.00000000099999999998 0.91630169429516072910 0.00000059774903203695 0.06951829138308028566 
0.01898842236777661951 0.00000000099999999999 0.00375131132610483434 0.87660349187395059101 0.03998269329020117530 0.06067408014196688792 
0.00000000099999999985 0.00000000099999999985 0.00000000099999999985 0.99999999499999991937 0.00000000099999999985 0.00000000099999999985 
0.00000000099999999980 0.00000000099999999980 0.00000000099999999980 0.99999999499999991937 0.00000000099999999980 0.00000000099999999980 
0.00000000099999999979 0.00000000099999999979 0.00000000099999999979 0.99999999499999991937 0.00000000099999999979 0.00000000099999999979 
0.00000000099999999986 0.00000000099999999986 0.00000000099999999986 0.99999999499999991937 0.00000000099999999986 0.00000000099999999986 
0.00000000099999999982 0.00000000099999999982 0.00000000099999999982 0.99999999499999991937 0.00000000099999999982 0.00000000099999999982 
0.00000000099999999951 0.00000000099999999951 0.00000000099999999951 0.00000000099999999951 0.00000000099999999951 0.99999999500000003039 
0.00000000099999999952 0.00000000099999999952 0.00000000099999999952 0.00000000099999999952 0.00000000099999999952 0.99999999499999991937 
0.00000000099999999951 0.00000000099999999951 0.00000000099999999951 0.00000000099999999951 0.00000000099999999951 0.99999999499999991937 
0.00000000099999999951 0.00000000099999999951 0.00000000099999999951 0.00000000099999999951 0.00000000099999999951 0.99999999499999991937 
0.00000000099999999951 0.00000000099999999951 0.00000000099999999951 0.00000000099999999951 0.00000000099999999951 0.99999999500000003039 
0.00000000099999999950 0.00000000099999999950 0.00000000099999999950 0.00000000099999999950 0.00000000099999999950 0.99999999500000003039 
0.00000000099999999952 0.00000000099999999952 0.00000000099999999952 0.00000000099999999952 0.00000000099999999952 0.99999999500000003039 
0.00000000099999999946 0.00000000099999999946 0.00000000099999999946 0.00000000099999999946 0.00000000099999999946 0.99999999500000003039 
0.00000000099999999960 0.00000000099999999960 0.00000000099999999960 0.00000000099999999960 0.00000000099999999960 0.99999999499999991937 
0.00000000099999999949 0.00000000099999999949 0.00000000099999999949 0.00000000099999999949 0.00000000099999999949 0.99999999500000003039 
0.00000000099999999979 0.00000000099999999979 0.18844525071527826188 0.00000000099999999979 0.00000000099999999979 0.81155474528472171247 
0.00000000099999999966 0.00000000099999999966 0.00000000099999999966 0.00000000099999999966 0.00000000099999999966 0.99999999499999991937 
0.00000000099999999960 0.00000000099999999960 0.00000000099999999960 0.00000000099999999960 0.00000000099999999960 0.99999999500000003039 
0.00000000099999999957 0.00000000099999999957 0.00000000099999999957 0.00000000099999999957 0.00000000099999999957 0.99999999500000003039 
0.12116015440446244178 0.74897401603998403630 0.00000000099999999998 0.02705269730916096474 0.10084914182861209886 0.00196398941778036344 
0.22854478685198847954 0.72463335872405920668 0.00000000099999999982 0.00000000099999999982 0.04682185142395229455 0.00000000099999999982 
0.20474786711266942940 0.77076507951729522627 0.00000000099999999986 0.00000000099999999986 0.02448705037003538754 0.00000000099999999986 
0.10645578517583768885 0.78590819571892067685 0.00532014480076908446 0.01841302360585103659 0.08390284969862150943 0.00000000099999999999 
0.22738404794370867257 0.75900182360096368761 0.00000000099999999984 0.00000000099999999984 0.01361412545532766569 0.00000000099999999984 
0.21430962288580687747 0.74241849479714960847 0.00000000099999999989 0.00000000099999999989 0.04327187931704357809 0.00000000099999999989 
0.16587361491684551873 0.75897387496517365602 0.00000000099999999995 0.00000000099999999995 0.05529618254608376776 0.01985632557189706895 
0.14805859412846783529 0.77085233502006644812 0.00000000099999999997 0.00000000099999999997 0.07086538409732955068 0.01022368475413625542 
0.09248831254074611763 0.87519529427282860556 0.00000000099999999991 0.00000000099999999991 0.03231639018642536859 0.00000000099999999991 
0.11830166516537785060 0.80363792397475308782 0.00000000099999999993 0.00000000099999999993 0.07806040785986914643 0.00000000099999999993 
0.09707011211293073427 0.78276435757232065704 0.00000000099999999993 0.00000000099999999993 0.12013011826690132844 0.00003541004784736064 
0.13328191180783341419 0.83908100007583030777 0.00000000099999999989 0.00000000099999999989 0.02763708511633614778 0.00000000099999999989 
0.24954250171741870767 0.71836114008359197580 0.00000000099999999998 0.01197538514587775764 0.02012097105311166576 0.00000000099999999998 
0.08635071159196192059 0.91364928440803816478 0.00000000099999999989 0.00000000099999999989 0.00000000099999999989 0.00000000099999999989 
0.13391739766547955393 0.79883988800461847024 0.00000000099999999995 0.00000000099999999995 0.06683917346687583139 0.00040353886302622757 
0.09602304679181085378 0.89143431516239357570 0.00000000099999999987 0.00000000099999999987 0.01254263504579551831 0.00000000099999999987 
0.09093492905678816907 0.88454736896694974302 0.00000000099999999988 0.00000000099999999988 0.02451769897626204786 0.00000000099999999988 
0.11514047335964076868 0.88485952264035938608 0.00000000099999999989 0.00000000099999999989 0.00000000099999999989 0.00000000099999999989 
0.09558768125663702486 0.89625872517393601058 0.00000000099999999986 0.00000000099999999986 0.00815359056942692798 0.00000000099999999986 
0.25717340230145863123 0.73520193622582796777 0.00000000099999999988 0.00000000099999999988 0.00762465847271338003 0.00000000099999999988 
0.00000000099999999953 0.00000000099999999953 0.00000000099999999953 0.00000000099999999953 0.99999999500000003039 0.00000000099999999953 
0.00000000099999999955 0.00000000099999999955 0.00000000099999999955 0.00000000099999999955 0.99999999500000003039 0.00000000099999999955 
0.03615365108908066144 0.19808970211726589783 0.00000000099999999994 0.00000000099999999994 0.74759666109206379669 0.01815998370158970407 
0.00000000099999999966 0.00000000099999999966 0.00000000099999999966 0.00000000099999999966 0.99999999500000003039 0.00000000099999999966 
0.00000000099999999952 0.00000000099999999952 0.00000000099999999952 0.00000000099999999952 0.99999999499999991937 0.00000000099999999952 
0.00000000099999999956 0.00000000099999999956 0.00000000099999999956 0.00000000099999999956 0.99999999500000003039 0.00000000099999999956 
0.00000000099999999958 0.00000000099999999958 0.00000000099999999958 0.00000000099999999958 0.99999999500000003039 0.00000000099999999958 
0.00000000099999999953 0.00000000099999999953 0.00000000099999999953 0.00000000099999999953 0.99999999499999991937 0.00000000099999999953 
0.00000000099999999956 0.00000000099999999956 0.00000000099999999956 0.00000000099999999956 0.99999999499999991937 0.00000000099999999956 
0.04936848365221427337 0.19109021613833537812 0.00000000099999999997 0.00000000099999999997 0.72423540922049667312 0.03530588898895372502 
0.00000000099999999956 0.00000000099999999956 0.00000000099999999956 0.00000000099999999956 0.99999999499999991937 0.00000000099999999956 
0.00000000099999999958 0.00000000099999999958 0.00000000099999999958 0.00000000099999999958 0.99999999500000003039 0.00000000099999999958 
0.00000000099999999963 0.00000000099999999963 0.00000000099999999963 0.00000000099999999963 0.99999999499999991937 0.00000000099999999963 
0.00000000099999999964 0.00000000099999999964 0.00000000099999999964 0.00000000099999999964 0.99999999499999991937 0.00000000099999999964 
0.00000000099999999963 0.00000000099999999963 0.00000000099999999963 0.00000000099999999963 0.99999999500000003039 0.00000000099999999963 
0.00000000099999999956 0.00000000099999999956 0.00000000099999999956 0.00000000099999999956 0.99999999499999991937 0.00000000099999999956 
0.00000000099999999959 0.00000000099999999959 0.00000000099999999959 0.00000000099999999959 0.99999999500000003039 0.00000000099999999959 
0.00000000099999999968 0.00000000099999999968 0.00000000099999999968 0.00000000099999999968 0.99999999500000003039 0.00000000099999999968 
0.00000000099999999969 0.00000000099999999969 0.00000000099999999969 0.00000000099999999969 0.99999999499999991937 0.00000000099999999969 
0.11777290820847238773 0.44421195957475256844 0.02491779265306749355 0.05566042708355698615 0.31479232664866868552 0.04264458583148195842 
0.15293302725977137024 0.34828016427857927395 0.00000000099999999999 0.10119856215544612010 0.34790109912061784048 0.04968714618558542351 
0.13767116709996066182 0.42227671532999938586 0.00000000099999999998 0.07709183958486225119 0.30721297822831983293 0.05574729875685782016 
0.16407903632381545811 0.36372410390269205305 0.00000000099999999999 0.09963817578323021229 0.32143816168087269158 0.05112052130938958550 
0.17429468417266691382 0.40175843665323923704 0.00353878404174631832 0.08102616330754652818 0.32019162928257877132 0.01919030254222227685 
0.14858246796108834364 0.35259750790708083157 0.00000000099999999999 0.02880972251458880501 0.37857773795844473774 0.09143256265879740052 
0.10172194285762364840 0.43411116115136849647 0.00000000099999999999 0.06978198392920843818 0.30945301797014679313 0.08493189309165269374 
0.13208928861434018898 0.41797728632995201359 0.01747512984386169824 0.06649720436746837937 0.30112090818937226055 0.06484018265500544886 
0.13807322929061213723 0.45473768827274824167 0.00000000100000000000 0.05872249785200116257 0.29691753543564330942 0.05154904814899505944 
0.09245231376320332817 0.48680234086289142503 0.00000000099999999998 0.00406022669886440396 0.34068175893209023952 0.07600335874295065242 
0.09196374066092448396 0.45332842665041545027 0.03022145712421941272 0.05764809373070411275 0.33481518240680507859 0.03202309942693146172 
0.12731500092353156828 0.38884563197926291789 0.00000000099999999999 0.05367532915995696513 0.37953768748095284558 0.05062634945629568978 
0.12041947604969698016 0.42950014636438688109 0.00000000099999999998 0.01963518486039721872 0.35393989666930930627 0.07650529505620964899 
0.14389808210241747388 0.46701930011821995992 0.02819091820502383702 0.04180009740863530054 0.26800688239402792323 0.05108471977167548111 
0.13955509984220110242 0.41499082122148334140 0.00000000099999999998 0.00000000099999999998 0.36170789742242182019 0.08374617951389380643 
0.13574237838663677502 0.41959267872569006030 0.00663295455071727814 0.01606991222279385845 0.31824760548398173254 0.10371447063018021661 
0.12506703046734923834 0.42927588762629503849 0.00000000099999999999 0.00000000099999999999 0.37439804523036918082 0.07125903467598657115 
0.00000000099999999995 0.00000000099999999995 0.00000000099999999995 0.96717227798995575316 0.00000000099999999995 0.03282771801004431139 
0.00000000099999999984 0.00000000099999999984 0.00000000099999999984 0.99999999499999991937 0.00000000099999999984 0.00000000099999999984 
0.00000000099999999988 0.00000000099999999988 0.00000000099999999988 0.99999999500000003039 0.00000000099999999988 0.00000000099999999988 
0.00000000099999999990 0.00000000099999999990 0.00000000443707856944 0.97993358407356967454 0.00000000099999999990 0.02006640848935186197 
0.00000000099999999991 0.00000000099999999991 0.00000000099999999991 0.99988153094084752937 0.00000000099999999991 0.00011846505915249643 
0.00000000099999999996 0.00000000099999999996 0.00000000792763193135 0.99069446866977783905 0.00000000099999999996 0.00930552040259031814 
0.00000000099999999990 0.00000000099999999990 0.00000000099999999990 0.99590406833095723727 0.00000000099999999990 0.00409592766904277698 
0.00000000099999999992 0.00000000099999999992 0.00000000099999999992 0.95933524523614133184 0.00000000099999999992 0.04066475076385880211 
0.00000000099999999982 0.00000000099999999982 0.00000000099999999982 0.99999999500000003039 0.00000000099999999982 0.00000000099999999982 
0.00000000099999999992 0.00000000099999999992 0.00000000099999999992 0.99999727807497484910 0.00000271792502500317 0.00000000099999999992 
0.00000000099999999989 0.00000000099999999989 0.00000000099999999989 0.92621061997544074096 0.00000000099999999989 0.07378937602455938605 
0.00000000099999999996 0.00000000099999999996 0.00000000099999999996 0.99212309862946712613 0.00787689737053275628 0.00000000099999999996 
0.00000000099999999995 0.00000000099999999995 0.00000000099999999995 0.98210300509507120204 0.00000000099999999995 0.01789699090492885211 
0.00000000099999999983 0.00000000099999999983 0.00000000099999999983 0.96009979816205393011 0.00000000099999999983 0.03990019783794611363 
0.00000000099999999989 0.00000000099999999989 0.00000000099999999989 0.97699114539722475836 0.00000000099999999989 0.02300885060277523333 
0.00555697407593354602 0.00000000099999999994 0.00000000099999999994 0.97152771302242912910 0.00000000099999999994 0.02291530990163733253 
0.00000000099999999982 0.00000000099999999982 0.00000000099999999982 0.99999999499999991937 0.00000000099999999982 0.00000000099999999982 
0.00000000099999999987 0.00000000099999999987 0.00000000099999999987 0.94457609050273427798 0.00000000099999999987 0.05542390549726565474 
0.00472034069497191591 0.00000000099999999995 0.00000000099999999995 0.92300592702555883662 0.00000000099999999995 0.07227372927946919268 
0.00000000099999999994 0.00000000099999999994 0.00000000099999999994 0.97289706132219211376 0.00000000099999999994 0.02710293467780797161 
0.00000000099999999989 0.00000000099999999989 0.00000000099999999989 0.95537243166501151226 0.00000000099999999989 0.04462756433498858699 
0.00000000099999999991 0.00000000099999999991 0.00000000099999999991 0.96052338120492875007 0.00000000099999999991 0.03947661479507123816 
0.00000000099999999990 0.00000000099999999990 0.00000000099999999990 0.97860863369669015555 0.00000000099999999990 0.02139136230330979452 
0.00168229442947760276 0.00000000099999999996 0.01011335429723592833 0.90396676904274797515 0.00000000099999999996 0.08423758023053858068 
0.00000000099999999986 0.00000000099999999986 0.00000000099999999986 0.95912853214266058366 0.00000000099999999986 0.04087146385733949477 
0.00000000099999999997 0.00856525226445907679 0.00952490942496924536 0.92272679542110513928 0.01188146032995598608 0.04730158155951064841 
0.00000000099999999992 0.00000000099999999992 0.00000000099999999992 0.95596427010971340987 0.00000000099999999992 0.04403572589028656448 
0.00000000099999999990 0.00000000099999999990 0.03570335414146117575 0.87652056080794804593 0.00000000099999999990 0.08777608205059078683 
0.00000000099999999989 0.00000000099999999989 0.00000000099999999989 0.96241031889017691903 0.00000000099999999989 0.03758967710982315247 
0.00000000099999999997 0.01544400385297923887 0.00000000099999999997 0.98402983445306524413 0.00000000099999999997 0.00052615869395540593 
0.00000000099999999998 0.00000000099999999998 0.03264117533841053714 0.93182273380915547900 0.00000000099999999998 0.03553608785243402707 
0.00000000099999999990 0.00000000099999999990 0.00000000099999999990 0.93173832967251846160 0.00000000099999999990 0.06826166632748160989 
0.00000000099999999989 0.00000000099999999989 0.00000000099999999989 0.93889591965748753211 0.00000000099999999989 0.06110407634251236592 
0.00000000099999999995 0.00000000099999999995 0.01572636030533166099 0.93933310254260127259 0.00000000099999999995 0.04494053415206714780 
0.00000000099999999997 0.00969497840355637401 0.00000000099999999997 0.94679809033911976890 0.00000000099999999997 0.04350692825732389163 
0.00000000099999999993 0.00000000099999999993 0.02366974847118258687 0.91803613234175107660 0.00000000099999999993 0.05829411618706639014 
0.00000000099999999996 0.01322944108319413364 0.01434808478490552999 0.93570181161081256160 0.00000000099999999996 0.03672066052108769602 
0.00000000099999999996 0.01073017866257355672 0.00000000099999999996 0.92294555155739654850 0.00000000099999999996 0.06632426678002997789 
0.00000000099999999994 0.00000000099999999994 0.01405194412200623348 0.87306338697089025391 0.00000000099999999994 0.11288466590710347082 
0.00000000099999999986 0.00000000099999999986 0.00000000099999999986 0.92828510774095673863 0.00000000099999999986 0.07171488825904330511 
0.00000000099999999992 0.00000000099999999992 0.00004434096360751075 0.94720716268788718306 0.00000000099999999992 0.05274849334850533616 
0.00000000099999999995 0.00000000099999999995 0.01748609607284255796 0.92064726038659117080 0.00000000099999999995 0.06186664054056625894 
0.00000000099999999990 0.00000000099999999990 0.00000000099999999990 0.94295099615955346728 0.00000000099999999990 0.05704899984044663197 
0.00000000099999999993 0.00000000099999999993 0.00000000099999999993 0.91831612210562696408 0.00000000099999999993 0.08168387389437309354 
0.00000000099999999985 0.00000000099999999985 0.00000000099999999985 0.99999999499999991937 0.00000000099999999985 0.00000000099999999985 
0.00000000099999999997 0.00000000099999999997 0.00000000099999999997 0.96211121188593273779 0.00383770288193721306 0.03405108223212995749 
0.00000000099999999992 0.00000000099999999992 0.00000000099999999992 0.95236967291503848987 0.00000000099999999992 0.04763032308496146366 
0.00000000099999999989 0.00000000099999999989 0.00003143049273066749 0.94538831700923675605 0.00000000099999999989 0.05458024949803247372 
0.00000000099999999984 0.00000000099999999984 0.00000000099999999984 0.97171575455553094169 0.00000000099999999984 0.02828424144446906388 
0.00000000099999999990 0.00000000099999999990 0.00000000099999999990 0.95283600823147840408 0.00000000099999999990 0.04716398776852162578 
0.00000000099999999985 0.00000000099999999985 0.00000000099999999985 0.97527384232092162453 0.00000000099999999985 0.02472615367907836023 
0.02551320245680791313 0.00000000099999999994 0.00000000099999999994 0.90544579695849047862 0.00000000099999999994 0.06904099758470168269 
0.00000000099999999990 0.00000000099999999990 0.00000000099999999990 0.98341559788572108225 0.00000000099999999990 0.01658439811427900312 
0.00000000099999999997 0.00000000099999999997 0.00423579818195833017 0.90673551346600700374 0.00152516434083376103 0.08750352201120085993 
0.16803014357475062890 0.75044118483544097753 0.00000000099999999998 0.02490800883806709373 0.05662066075174110313 0.00000000099999999998 
0.19250806631381905953 0.73165281601993825689 0.00000000099999999997 0.00000000099999999997 0.07583911466624261577 0.00000000099999999997 
0.17340737203016215462 0.80031393912579129601 0.00000000099999999998 0.00000000114742243002 0.00880960023419120192 0.01746908646243292354 
0.33085068442789006271 0.62313164396824627378 0.00000000099999999990 0.00000000099999999990 0.04601766860386362346 0.00000000099999999990 
0.16609308902950736808 0.65449220374149441604 0.00000000099999999998 0.13452813782007436161 0.04488656740892377900 0.00000000099999999998 
0.18069255287268548571 0.71840184048189081878 0.00000000099999999996 0.03189157124330037341 0.04521466481318536096 0.02379936958893785759 
0.20266180535087452430 0.71304926404190327460 0.00263487591431122185 0.01865233532557249857 0.04306858470244048082 0.01993313466489791963 
0.15817325448244728969 0.79613832022710773195 0.00000000099999999998 0.04328685969931244520 0.00000001380609785543 0.00240155078503476258 
0.20271753899447592095 0.76110543096048344225 0.00000000099999999992 0.00000000099999999992 0.03617702704504068695 0.00000000099999999992 
0.20786294600172586233 0.76143252067841449282 0.00000000099999999991 0.00000000099999999991 0.03070453031985976092 0.00000000099999999991 
0.14116230959285203106 0.82665532922819751072 0.00000000099999999998 0.01742976642233941623 0.01475259275661104479 0.00000000099999999998 
0.16432408170158890881 0.78959022854136184932 0.00000000099999999993 0.00000000099999999993 0.04608568675704929896 0.00000000099999999993 
0.20309358006850702916 0.71599143786400099021 0.00000000099999999995 0.07349538202834986211 0.00741959803914219937 0.00000000099999999995 
0.23010750422470999110 0.74643514607569938502 0.00000000099999999993 0.00000000099999999993 0.02345734669959069138 0.00000000099999999993 
0.21509928302475278539 0.72571674559842203056 0.00000000099999999998 0.03917744450195301958 0.01922415711042417888 0.00078236876444798265 
0.20633948002336616190 0.69673000063841827867 0.00000000099999999994 0.05059913064076599493 0.04633138669744969740 0.00000000099999999994 
0.22845403511819489806 0.75231425436588961198 0.00000000099999999987 0.00000000099999999987 0.01923170751591541869 0.00000000099999999987 
0.16547168092058503475 0.81986421758191130316 0.00000000099999999995 0.01466409849750356480 0.00000000099999999995 0.00000000099999999995 
0.14834857214464070019 0.80941992267336826394 0.00000000099999999993 0.00000000099999999993 0.04223150218199102357 0.00000000099999999993 
0.16270207737263389647 0.81082649327442202214 0.00000000099999999989 0.00000000099999999989 0.02647142635294424604 0.00000000099999999989 
0.01941137046771215791 0.98058862553228776093 0.00000000099999999974 0.00000000099999999974 0.00000000099999999974 0.00000000099999999974 
0.00000000099999999968 0.99999999500000003039 0.00000000099999999968 0.00000000099999999968 0.00000000099999999968 0.00000000099999999968 
0.00000000099999999977 0.99999999500000003039 0.00000000099999999977 0.00000000099999999977 0.00000000099999999977 0.00000000099999999977 
0.00000004801368536322 0.99999994798631475224 0.00000000099999999975 0.00000000099999999975 0.00000000099999999975 0.00000000099999999975 
0.10447226439739815129 0.89552773160260190632 0.00000000099999999983 0.00000000099999999983 0.00000000099999999983 0.00000000099999999983 
0.00000000099999999973 0.99999999500000003039 0.00000000099999999973 0.00000000099999999973 0.00000000099999999973 0.00000000099999999973 
0.07931034646002992072 0.92068964953997012302 0.00000000099999999976 0.00000000099999999976 0.00000000099999999976 0.00000000099999999976 
0.00000000099999999967 0.99999999500000003039 0.00000000099999999967 0.00000000099999999967 0.00000000099999999967 0.00000000099999999967 
0.00000000099999999981 0.99999999500000014141 0.00000000099999999981 0.00000000099999999981 0.00000000099999999981 0.00000000099999999981 
0.00000000099999999969 0.99999999500000014141 0.00000000099999999969 0.00000000099999999969 0.00000000099999999969 0.00000000099999999969 
0.00000000099999999972 0.99999999500000014141 0.00000000099999999972 0.00000000099999999972 0.00000000099999999972 0.00000000099999999972 
0.00000000099999999972 0.99999999500000003039 0.00000000099999999972 0.00000000099999999972 0.00000000099999999972 0.00000000099999999972 
0.00000000099999999968 0.99999999500000003039 0.00000000099999999968 0.00000000099999999968 0.00000000099999999968 0.00000000099999999968 
0.03815996712223146403 0.96184002887776864910 0.00000000099999999982 0.00000000099999999982 0.00000000099999999982 0.00000000099999999982 
0.00528995337793430713 0.99471004262206563773 0.00000000099999999979 0.00000000099999999979 0.00000000099999999979 0.00000000099999999979 
0.00000000099999999978 0.99999999500000014141 0.00000000099999999978 0.00000000099999999978 0.00000000099999999978 0.00000000099999999978 
0.00000000099999999965 0.99999999500000014141 0.00000000099999999965 0.00000000099999999965 0.00000000099999999965 0.00000000099999999965 
0.00000000099999999974 0.99999999500000003039 0.00000000099999999974 0.00000000099999999974 0.00000000099999999974 0.00000000099999999974 
0.00000000099999999988 0.99999999500000014141 0.00000000099999999988 0.00000000099999999988 0.00000000099999999988 0.00000000099999999988 
0.00000000099999999994 0.99110983228111781962 0.00000000099999999994 0.00889016371888229871 0.00000000099999999994 0.00000000099999999994 
0.00000000099999999987 0.00000000099999999987 0.00000000099999999987 0.99999999500000003039 0.00000000099999999987 0.00000000099999999987 
0.00000000099999999993 0.00627716121254325802 0.00000000099999999993 0.99372283478745671026 0.00000000099999999993 0.00000000099999999993 
0.00000000099999999975 0.00000000099999999975 0.00000000099999999975 0.99999999499999991937 0.00000000099999999975 0.00000000099999999975 
0.00000000099999999984 0.00000000099999999984 0.00000000099999999984 0.97698551040488312847 0.00000000099999999984 0.02301448559511680772 
0.00000000099999999976 0.00000000099999999976 0.00000000099999999976 0.99999999500000003039 0.00000000099999999976 0.00000000099999999976 
0.00000000099999999982 0.00000000099999999982 0.00000000099999999982 0.99999999500000003039 0.00000000099999999982 0.00000000099999999982 
0.00000000099999999973 0.00000000099999999973 0.00000000099999999973 0.99999999499999991937 0.00000000099999999973 0.00000000099999999973 
0.00000000099999999974 0.00000000099999999974 0.00000000099999999974 0.99999999500000003039 0.00000000099999999974 0.00000000099999999974 
0.00000000099999999975 0.00000000099999999975 0.00000000099999999975 0.99999999500000003039 0.00000000099999999975 0.00000000099999999975 
0.00000000099999999987 0.00000000099999999987 0.00000000099999999987 0.99999999500000003039 0.00000000099999999987 0.00000000099999999987 
0.00000000099999999982 0.00000000099999999982 0.00000000099999999982 0.99999999500000003039 0.00000000099999999982 0.00000000099999999982 
0.00000000099999999983 0.00000000099999999983 0.00000000099999999983 0.99999999499999991937 0.00000000099999999983 0.00000000099999999983 
0.00000000099999999985 0.00000000099999999985 0.00000000099999999985 0.99999999499999991937 0.00000000099999999985 0.00000000099999999985 
0.00000000099999999980 0.00000000099999999980 0.00000000099999999980 0.99999999500000003039 0.00000000099999999980 0.00000000099999999980 
0.00000000099999999991 0.00000000099999999991 0.00000000099999999991 0.99999999499999991937 0.00000000099999999991 0.00000000099999999991 
0.00000000099999999980 0.00000000099999999980 0.00000000099999999980 0.99999999499999991937 0.00000000099999999980 0.00000000099999999980 
0.00000000099999999986 0.00000000099999999986 0.00000000099999999986 0.99999999500000003039 0.00000000099999999986 0.00000000099999999986 
0.00000000099999999983 0.00000000099999999983 0.00000000099999999983 0.99999999499999991937 0.00000000099999999983 0.00000000099999999983 
0.00000000099999999994 0.00000000099999999994 0.00000000099999999994 0.99984624159154411593 0.00000000099999999994 0.00015375440845580261 
0.00000000099999999988 0.00000000099999999988 0.00000000099999999988 0.99999999499999991937 0.00000000099999999988 0.00000000099999999988 
0.00000000099999999992 0.00000000099999999992 0.00000000099999999992 0.99999999500000003039 0.00000000099999999992 0.00000000099999999992 
0.00000000099999999988 0.00000000099999999988 0.00000000099999999988 0.99999999499999991937 0.00000000099999999988 0.00000000099999999988 
0.00000000099999999996 0.00000000099999999996 0.01275933855518383321 0.98724065744481603879 0.00000000099999999996 0.00000000099999999996 
0.00000000099999999994 0.00000000099999999994 0.00000000099999999994 0.99999999500000003039 0.00000000099999999994 0.00000000099999999994 
0.00000000099999999998 0.00000000099999999998 0.00000000099999999998 0.96848781582813225910 0.03132027170246321629 0.00019190946940459306 
0.00000000099999999982 0.00000000099999999982 0.00000000099999999982 0.99999999499999991937 0.00000000099999999982 0.00000000099999999982 
0.00000000099999999980 0.00000000099999999980 0.00000000099999999980 0.99999999500000003039 0.00000000099999999980 0.00000000099999999980 
0.00000000099999999990 0.00000000099999999990 0.00000000099999999990 0.97233968094361611367 0.00000000099999999990 0.02766031505638388149 
0.00000000099999999989 0.00000000099999999989 0.00000000099999999989 0.98820982018860870078 0.00000000099999999989 0.01179017581139132909 
0.00648142685568533095 0.00000000099999999994 0.00000000099999999994 0.98350046606938223981 0.00000000099999999994 0.01001810407493237964 
0.00000000099999999978 0.99999999500000003039 0.00000000099999999978 0.00000000099999999978 0.00000000099999999978 0.00000000099999999978 
0.00000000099999999981 0.99999999500000003039 0.00000000099999999981 0.00000000099999999981 0.00000000099999999981 0.00000000099999999981 
0.00000000099999999980 0.99999999500000014141 0.00000000099999999980 0.00000000099999999980 0.00000000099999999980 0.00000000099999999980 
0.99999999500000003039 0.00000000099999999949 0.00000000099999999949 0.00000000099999999949 0.00000000099999999949 0.00000000099999999949 
0.77717326859795299310 0.22282672740204714779 0.00000000099999999986 0.00000000099999999986 0.00000000099999999986 0.00000000099999999986 
0.99999999500000014141 0.00000000099999999949 0.00000000099999999949 0.00000000099999999949 0.00000000099999999949 0.00000000099999999949 
0.99999999500000014141 0.00000000099999999975 0.00000000099999999975 0.00000000099999999975 0.00000000099999999975 0.00000000099999999975 
0.99999999500000003039 0.00000000099999999953 0.00000000099999999953 0.00000000099999999953 0.00000000099999999953 0.00000000099999999953 
0.99999999500000003039 0.00000000099999999963 0.00000000099999999963 0.00000000099999999963 0.00000000099999999963 0.00000000099999999963 
0.99999999500000003039 0.00000000099999999967 0.00000000099999999967 0.00000000099999999967 0.00000000099999999967 0.00000000099999999967 
0.99999999500000003039 0.00000000099999999952 0.00000000099999999952 0.00000000099999999952 0.00000000099999999952 0.00000000099999999952 
0.99999999500000014141 0.00000000099999999948 0.00000000099999999948 0.00000000099999999948 0.00000000099999999948 0.00000000099999999948 
0.99999999500000003039 0.00000000099999999971 0.00000000099999999971 0.00000000099999999971 0.00000000099999999971 0.00000000099999999971 
0.99999999500000014141 0.00000000099999999951 0.00000000099999999951 0.00000000099999999951 0.00000000099999999951 0.00000000099999999951 
0.99999999500000003039 0.00000000099999999962 0.00000000099999999962 0.00000000099999999962 0.00000000099999999962 0.00000000099999999962 
0.99999999500000014141 0.00000000099999999955 0.00000000099999999955 0.00000000099999999955 0.00000000099999999955 0.00000000099999999955 
0.99999999500000003039 0.00000000099999999956 0.00000000099999999956 0.00000000099999999956 0.00000000099999999956 0.00000000099999999956 
