0.99999999100000014352 0.00000000099999999909 0.00000000099999999909 0.00000000099999999909 0.00000000099999999909 0.00000000099999999909 0.00000000099999999909 0.00000000099999999909 0.00000000099999999909 0.00000000099999999909 
0.99999999100000025454 0.00000000099999999919 0.00000000099999999919 0.00000000099999999919 0.00000000099999999919 0.00000000099999999919 0.00000000099999999919 0.00000000099999999919 0.00000000099999999919 0.00000000099999999919 
0.99999999100000014352 0.00000000099999999911 0.00000000099999999911 0.00000000099999999911 0.00000000099999999911 0.00000000099999999911 0.00000000099999999911 0.00000000099999999911 0.00000000099999999911 0.00000000099999999911 
0.00000000099999999905 0.00000000099999999905 0.00000000099999999905 0.00000000099999999905 0.00000000099999999905 0.00000000099999999905 0.99999999100000003249 0.00000000099999999905 0.00000000099999999905 0.00000000099999999905 
0.00000000099999999888 0.00000000099999999888 0.00000000099999999888 0.00000000099999999888 0.00000000099999999888 0.00000000099999999888 0.99999999099999992147 0.00000000099999999888 0.00000000099999999888 0.00000000099999999888 
0.00000000099999999904 0.00000000099999999904 0.00000000099999999904 0.00000000099999999904 0.00000000099999999904 0.00000000099999999904 0.99999999099999992147 0.00000000099999999904 0.00000000099999999904 0.00000000099999999904 
0.99999999100000014352 0.00000000099999999909 0.00000000099999999909 0.00000000099999999909 0.00000000099999999909 0.00000000099999999909 0.00000000099999999909 0.00000000099999999909 0.00000000099999999909 0.00000000099999999909 
0.99999999100000025454 0.00000000099999999919 0.00000000099999999919 0.00000000099999999919 0.00000000099999999919 0.00000000099999999919 0.00000000099999999919 0.00000000099999999919 0.00000000099999999919 0.00000000099999999919 
0.99999999100000025454 0.00000000099999999914 0.00000000099999999914 0.00000000099999999914 0.00000000099999999914 0.00000000099999999914 0.00000000099999999914 0.00000000099999999914 0.00000000099999999914 0.00000000099999999914 
0.99999999100000025454 0.00000000099999999914 0.00000000099999999914 0.00000000099999999914 0.00000000099999999914 0.00000000099999999914 0.00000000099999999914 0.00000000099999999914 0.00000000099999999914 0.00000000099999999914 
0.99999999100000025454 0.00000000099999999913 0.00000000099999999913 0.00000000099999999913 0.00000000099999999913 0.00000000099999999913 0.00000000099999999913 0.00000000099999999913 0.00000000099999999913 0.00000000099999999913 
0.99999999100000014352 0.00000000099999999916 0.00000000099999999916 0.00000000099999999916 0.00000000099999999916 0.00000000099999999916 0.00000000099999999916 0.00000000099999999916 0.00000000099999999916 0.00000000099999999916 
0.00000000099999999905 0.00000000099999999905 0.00000000099999999905 0.00000000099999999905 0.00000000099999999905 0.00000000099999999905 0.99999999099999992147 0.00000000099999999905 0.00000000099999999905 0.00000000099999999905 
0.00000000099999999883 0.00000000099999999883 0.00000000099999999883 0.00000000099999999883 0.00000000099999999883 0.00000000099999999883 0.99999999099999981045 0.00000000099999999883 0.00000000099999999883 0.00000000099999999883 
0.00000000099999999899 0.00000000099999999899 0.00000000099999999899 0.00000000099999999899 0.00000000099999999899 0.00000000099999999899 0.99999999099999992147 0.00000000099999999899 0.00000000099999999899 0.00000000099999999899 
0.00000000099999999900 0.00000000099999999900 0.00000000099999999900 0.00000000099999999900 0.00000000099999999900 0.00000000099999999900 0.99999999100000003249 0.00000000099999999900 0.00000000099999999900 0.00000000099999999900 
0.00000000099999999896 0.00000000099999999896 0.00000000099999999896 0.00000000099999999896 0.00000000099999999896 0.00000000099999999896 0.99999999099999981045 0.00000000099999999896 0.00000000099999999896 0.00000000099999999896 
0.00000000099999999895 0.00000000099999999895 0.00000000099999999895 0.00000000099999999895 0.00000000099999999895 0.00000000099999999895 0.99999999099999981045 0.00000000099999999895 0.00000000099999999895 0.00000000099999999895 
0.99999999100000014352 0.00000000099999999909 0.00000000099999999909 0.00000000099999999909 0.00000000099999999909 0.00000000099999999909 0.00000000099999999909 0.00000000099999999909 0.00000000099999999909 0.00000000099999999909 
0.65444033321526484670 0.00000000099999999966 0.00000000099999999966 0.00000000099999999966 0.00000000099999999966 0.00000000099999999966 0.34555965878473537956 0.00000000099999999966 0.00000000099999999966 0.00000000099999999966 
0.99999999100000014352 0.00000000099999999911 0.00000000099999999911 0.00000000099999999911 0.00000000099999999911 0.00000000099999999911 0.00000000099999999911 0.00000000099999999911 0.00000000099999999911 0.00000000099999999911 
0.66093994939743283545 0.00000000099999999967 0.00000000099999999967 0.00000000099999999967 0.00000000099999999967 0.00000000099999999967 0.33906004260256733529 0.00000000099999999967 0.00000000099999999967 0.00000000099999999967 
0.99999999100000014352 0.00000000099999999907 0.00000000099999999907 0.00000000099999999907 0.00000000099999999907 0.00000000099999999907 0.00000000099999999907 0.00000000099999999907 0.00000000099999999907 0.00000000099999999907 
0.99999999100000014352 0.00000000099999999940 0.00000000099999999940 0.00000000099999999940 0.00000000099999999940 0.00000000099999999940 0.00000000099999999940 0.00000000099999999940 0.00000000099999999940 0.00000000099999999940 
0.99999999100000014352 0.00000000099999999899 0.00000000099999999899 0.00000000099999999899 0.00000000099999999899 0.00000000099999999899 0.00000000099999999899 0.00000000099999999899 0.00000000099999999899 0.00000000099999999899 
0.61755734174523146951 0.00000000099999999971 0.00000000099999999971 0.00000000099999999971 0.00000000099999999971 0.00000000099999999971 0.38244265025476881226 0.00000000099999999971 0.00000000099999999971 0.00000000099999999971 
0.99999999100000003249 0.00000000099999999899 0.00000000099999999899 0.00000000099999999899 0.00000000099999999899 0.00000000099999999899 0.00000000099999999899 0.00000000099999999899 0.00000000099999999899 0.00000000099999999899 
0.99999999100000014352 0.00000000099999999914 0.00000000099999999914 0.00000000099999999914 0.00000000099999999914 0.00000000099999999914 0.00000000099999999914 0.00000000099999999914 0.00000000099999999914 0.00000000099999999914 
0.99999999100000025454 0.00000000099999999903 0.00000000099999999903 0.00000000099999999903 0.00000000099999999903 0.00000000099999999903 0.00000000099999999903 0.00000000099999999903 0.00000000099999999903 0.00000000099999999903 
0.99999999100000025454 0.00000000099999999907 0.00000000099999999907 0.00000000099999999907 0.00000000099999999907 0.00000000099999999907 0.00000000099999999907 0.00000000099999999907 0.00000000099999999907 0.00000000099999999907 
0.99999999100000025454 0.00000000099999999943 0.00000000099999999943 0.00000000099999999943 0.00000000099999999943 0.00000000099999999943 0.00000000099999999943 0.00000000099999999943 0.00000000099999999943 0.00000000099999999943 
0.99999999100000025454 0.00000000099999999922 0.00000000099999999922 0.00000000099999999922 0.00000000099999999922 0.00000000099999999922 0.00000000099999999922 0.00000000099999999922 0.00000000099999999922 0.00000000099999999922 
0.99999999100000025454 0.00000000099999999921 0.00000000099999999921 0.00000000099999999921 0.00000000099999999921 0.00000000099999999921 0.00000000099999999921 0.00000000099999999921 0.00000000099999999921 0.00000000099999999921 
0.66087901075360644398 0.00000000099999999955 0.00000000099999999955 0.00000000099999999955 0.00000000099999999955 0.00000000099999999955 0.33912098124639361574 0.00000000099999999955 0.00000000099999999955 0.00000000099999999955 
0.99999999100000025454 0.00000000099999999952 0.00000000099999999952 0.00000000099999999952 0.00000000099999999952 0.00000000099999999952 0.00000000099999999952 0.00000000099999999952 0.00000000099999999952 0.00000000099999999952 
0.99999999100000014352 0.00000000099999999920 0.00000000099999999920 0.00000000099999999920 0.00000000099999999920 0.00000000099999999920 0.00000000099999999920 0.00000000099999999920 0.00000000099999999920 0.00000000099999999920 
0.99999999100000014352 0.00000000099999999913 0.00000000099999999913 0.00000000099999999913 0.00000000099999999913 0.00000000099999999913 0.00000000099999999913 0.00000000099999999913 0.00000000099999999913 0.00000000099999999913 
0.99999999100000025454 0.00000000099999999915 0.00000000099999999915 0.00000000099999999915 0.00000000099999999915 0.00000000099999999915 0.00000000099999999915 0.00000000099999999915 0.00000000099999999915 0.00000000099999999915 
0.00000000099999999914 0.00000000099999999914 0.00000000099999999914 0.00000000099999999914 0.00000000099999999914 0.00000000099999999914 0.00000000099999999914 0.99999999100000003249 0.00000000099999999914 0.00000000099999999914 
0.00000000099999999919 0.00000000099999999919 0.00000000099999999919 0.00000000099999999919 0.00000000099999999919 0.00000000099999999919 0.00000000099999999919 0.99999999100000003249 0.00000000099999999919 0.00000000099999999919 
0.00000000099999999981 0.00000000099999999981 0.00000000099999999981 0.00000000099999999981 0.00336048248365236526 0.00000000099999999981 0.00000000099999999981 0.66859883758978766455 0.32804067292655997301 0.00000000099999999981 
0.00000000099999999937 0.00000000099999999937 0.00000000099999999937 0.00000000099999999937 0.00000000099999999937 0.00000000099999999937 0.00000000099999999937 0.99999999099999992147 0.00000000099999999937 0.00000000099999999937 
0.00000000099999999908 0.00000000099999999908 0.00000000099999999908 0.00000000099999999908 0.00000000099999999908 0.00000000099999999908 0.00000000099999999908 0.99999999100000003249 0.00000000099999999908 0.00000000099999999908 
0.00000000099999999922 0.00000000099999999922 0.00000000099999999922 0.00000000099999999922 0.00000000099999999922 0.00000000099999999922 0.00000000099999999922 0.99999999100000003249 0.00000000099999999922 0.00000000099999999922 
0.00000000099999999926 0.00000000099999999926 0.00000000099999999926 0.00000000099999999926 0.00000000099999999926 0.00000000099999999926 0.00000000099999999926 0.99999999100000003249 0.00000000099999999926 0.00000000099999999926 
0.00000000099999999915 0.00000000099999999915 0.00000000099999999915 0.00000000099999999915 0.00000000099999999915 0.00000000099999999915 0.00000000099999999915 0.99999999100000003249 0.00000000099999999915 0.00000000099999999915 
0.00000000099999999919 0.00000000099999999919 0.00000000099999999919 0.00000000099999999919 0.00000000099999999919 0.00000000099999999919 0.00000000099999999919 0.99999999100000003249 0.00000000099999999919 0.00000000099999999919 
0.00000000099999999989 0.00000000099999999989 0.00000000099999999989 0.00000000099999999989 0.00352295710899071116 0.00000000099999999989 0.00000000099999999989 0.65852578962008379015 0.33192233257393533030 0.00602891469699029427 
0.00000000099999999920 0.00000000099999999920 0.00000000099999999920 0.00000000099999999920 0.00000000099999999920 0.00000000099999999920 0.00000000099999999920 0.99999999099999992147 0.00000000099999999920 0.00000000099999999920 
0.00000000099999999922 0.00000000099999999922 0.00000000099999999922 0.00000000099999999922 0.00000000099999999922 0.00000000099999999922 0.00000000099999999922 0.99999999100000003249 0.00000000099999999922 0.00000000099999999922 
0.00000000099999999934 0.00000000099999999934 0.00000000099999999934 0.00000000099999999934 0.00000000099999999934 0.00000000099999999934 0.00000000099999999934 0.99999999099999992147 0.00000000099999999934 0.00000000099999999934 
0.00000000099999999933 0.00000000099999999933 0.00000000099999999933 0.00000000099999999933 0.00000000099999999933 0.00000000099999999933 0.00000000099999999933 0.99999999100000003249 0.00000000099999999933 0.00000000099999999933 
0.00000000099999999935 0.00000000099999999935 0.00000000099999999935 0.00000000099999999935 0.00000000099999999935 0.00000000099999999935 0.00000000099999999935 0.99999999100000003249 0.00000000099999999935 0.00000000099999999935 
0.00000000099999999921 0.00000000099999999921 0.00000000099999999921 0.00000000099999999921 0.00000000099999999921 0.00000000099999999921 0.00000000099999999921 0.99999999099999992147 0.00000000099999999921 0.00000000099999999921 
0.00000000099999999925 0.00000000099999999925 0.00000000099999999925 0.00000000099999999925 0.00000000099999999925 0.00000000099999999925 0.00000000099999999925 0.99999999100000003249 0.00000000099999999925 0.00000000099999999925 
0.00000000099999999941 0.00000000099999999941 0.00000000099999999941 0.00000000099999999941 0.00000000099999999941 0.00000000099999999941 0.00000000099999999941 0.99999999100000003249 0.00000000099999999941 0.00000000099999999941 
0.00000000099999999942 0.00000000099999999942 0.00000000099999999942 0.00000000099999999942 0.00000000099999999942 0.00000000099999999942 0.00000000099999999942 0.99999999099999992147 0.00000000099999999942 0.00000000099999999942 
0.00000000099999999997 0.00000000099999999997 0.01182840506081376912 0.00000000099999999997 0.01055555006026220183 0.13807853370315800734 0.04757208738475839083 0.21706715828543218794 0.53132719689655105721 0.04357106560902441333 
0.00000000099999999984 0.00000000099999999984 0.00000000099999999984 0.00000000099999999984 0.00000000099999999984 0.00000000099999999984 0.00000000099999999984 0.08769267148129542000 0.91230732051870444543 0.00000000099999999984 
0.00000000099999999992 0.00000000099999999992 0.02799501763802163257 0.00615987063494765914 0.00000000099999999992 0.05025797535711470226 0.00000000099999999992 0.13246541599182851123 0.76998074553934159336 0.01314097083874588012 
0.00000000099999999986 0.00000000099999999986 0.00000000099999999986 0.00000000099999999986 0.00000000099999999986 0.00000000099999999986 0.00000000099999999986 0.05003138010488910464 0.94996861189511094814 0.00000000099999999986 
0.00000000099999999995 0.00000000099999999995 0.00000000099999999995 0.00000000099999999995 0.02524972762332802767 0.05025325938773016893 0.00000000099999999995 0.18359926421378527928 0.71119281072971507474 0.02970493304544132365 
0.00000000099999999973 0.00000000099999999973 0.00000000099999999973 0.00000000099999999973 0.00000000099999999973 0.00000000099999999973 0.00000000099999999973 0.10589248271437699811 0.89410750928562299222 0.00000000099999999973 
0.00000000099999999997 0.01566243708147974784 0.01574928836976077079 0.00000004585231913670 0.03776838842934721052 0.04617814721667178740 0.00000000099999999997 0.14578267732318309080 0.73885901272723830679 0.00000000099999999997 
0.00000003618888200525 0.03429103702827497602 0.00000000099999999999 0.07603233790867125474 0.00000000099999999999 0.08389149217640384792 0.00282465707742048273 0.18731970640466469313 0.59051363594349293162 0.02512709527218974503 
0.00000000099999999993 0.00000000099999999993 0.00000000099999999993 0.03084899577969379622 0.02637590785415059452 0.00000000099999999993 0.00000000099999999993 0.13284755531948877483 0.75883930926777454218 0.05108822677889233305 
0.00000000099999999947 0.00000000099999999947 0.00000000099999999947 0.00000000099999999947 0.00000000099999999947 0.00000000099999999947 0.00000000099999999947 0.00000000099999999947 0.99999999100000003249 0.00000000099999999947 
0.00000000099999999989 0.00000000099999999989 0.00000000099999999989 0.04098169460633064448 0.00000000099999999989 0.00000000099999999989 0.00000000099999999989 0.10499039216412381359 0.85402790622954549704 0.00000000099999999989 
0.00000000099999999988 0.00000000099999999988 0.00000000099999999988 0.00000000099999999988 0.00000000099999999988 0.02659340688857738874 0.00000000099999999988 0.18579613060658561885 0.78302446500834566034 0.00458599149649128492 
0.00000000099999999957 0.00000000099999999957 0.00000000099999999957 0.00000000099999999957 0.00000000099999999957 0.00000000099999999957 0.00000000099999999957 0.00000000099999999957 0.99999999099999992147 0.00000000099999999957 
0.00000000099999999987 0.00000000099999999987 0.00000000099999999987 0.00000000099999999987 0.04445660386760257737 0.00000000099999999987 0.00000000099999999987 0.06803790548559490725 0.84891280322784923307 0.03859268141895343118 
0.00000000099999999952 0.00000000099999999952 0.00000000099999999952 0.00000000099999999952 0.00000000099999999952 0.00000000099999999952 0.00000000099999999952 0.00000000099999999952 0.99999999099999992147 0.00000000099999999952 
0.00000000099999999955 0.00000000099999999955 0.00000000099999999955 0.00000000099999999955 0.00000000099999999955 0.00000000099999999955 0.00000000099999999955 0.00000000099999999955 0.99999999100000003249 0.00000000099999999955 
0.00000000099999999958 0.00000000099999999958 0.00000000099999999958 0.00000000099999999958 0.00000000099999999958 0.00000000099999999958 0.00000000099999999958 0.00000000099999999958 0.99999999100000003249 0.00000000099999999958 
0.00000000099999999976 0.19647021233141973018 0.80352977966858041281 0.00000000099999999976 0.00000000099999999976 0.00000000099999999976 0.00000000099999999976 0.00000000099999999976 0.00000000099999999976 0.00000000099999999976 
0.00000000099999999968 0.29492933324640602244 0.70507065875359409279 0.00000000099999999968 0.00000000099999999968 0.00000000099999999968 0.00000000099999999968 0.00000000099999999968 0.00000000099999999968 0.00000000099999999968 
0.00000000099999999976 0.26557158469457403660 0.73442840730542602312 0.00000000099999999976 0.00000000099999999976 0.00000000099999999976 0.00000000099999999976 0.00000000099999999976 0.00000000099999999976 0.00000000099999999976 
0.00000000099999999981 0.21311864240284539296 0.78688134959715472228 0.00000000099999999981 0.00000000099999999981 0.00000000099999999981 0.00000000099999999981 0.00000000099999999981 0.00000000099999999981 0.00000000099999999981 
0.00000000099999999959 0.08823418253749820694 0.91176580946250185278 0.00000000099999999959 0.00000000099999999959 0.00000000099999999959 0.00000000099999999959 0.00000000099999999959 0.00000000099999999959 0.00000000099999999959 
0.00000000099999999984 0.24661695532413877019 0.73983845083673427379 0.00000000099999999984 0.00000000099999999984 0.00000000099999999984 0.01354458683912718349 0.00000000099999999984 0.00000000099999999984 0.00000000099999999984 
0.00000000099999999975 0.24820215956124400125 0.75179783243875608623 0.00000000099999999975 0.00000000099999999975 0.00000000099999999975 0.00000000099999999975 0.00000000099999999975 0.00000000099999999975 0.00000000099999999975 
0.00000000099999999984 0.17701270092459145400 0.82298729107540880001 0.00000000099999999984 0.00000000099999999984 0.00000000099999999984 0.00000000099999999984 0.00000000099999999984 0.00000000099999999984 0.00000000099999999984 
0.00000000099999999954 0.08548007923758962900 0.91451991276241040296 0.00000000099999999954 0.00000000099999999954 0.00000000099999999954 0.00000000099999999954 0.00000000099999999954 0.00000000099999999954 0.00000000099999999954 
0.00000000099999999974 0.21718661460315599743 0.78281337739684409005 0.00000000099999999974 0.00000000099999999974 0.00000000099999999974 0.00000000099999999974 0.00000000099999999974 0.00000000099999999974 0.00000000099999999974 
0.00000000099999999987 0.25342140655446704356 0.71846492718189103321 0.00000000099999999987 0.00000000099999999987 0.00000000099999999987 0.02811365926364199283 0.00000000099999999987 0.00000000099999999987 0.00000000099999999987 
0.00000000099999999990 0.22830251076874197302 0.77169748123125814221 0.00000000099999999990 0.00000000099999999990 0.00000000099999999990 0.00000000099999999990 0.00000000099999999990 0.00000000099999999990 0.00000000099999999990 
0.00000000099999999975 0.18744632550404749516 0.81255366649595262007 0.00000000099999999975 0.00000000099999999975 0.00000000099999999975 0.00000000099999999975 0.00000000099999999975 0.00000000099999999975 0.00000000099999999975 
0.00000000099999999960 0.08833673276973412480 0.91166325923026614308 0.00000000099999999960 0.00000000099999999960 0.00000000099999999960 0.00000000099999999960 0.00000000099999999960 0.00000000099999999960 0.00000000099999999960 
0.00000000099999999966 0.18834020354479669157 0.81165978845520336815 0.00000000099999999966 0.00000000099999999966 0.00000000099999999966 0.00000000099999999966 0.00000000099999999966 0.00000000099999999966 0.00000000099999999966 
0.00000000099999999990 0.19969452972482645836 0.80030544468181297191 0.00000000099999999990 0.00000000099999999990 0.00000000099999999990 0.00000001859336069750 0.00000000099999999990 0.00000000099999999990 0.00000000099999999990 
0.00000000099999999959 0.23734409369730016803 0.76265589830269986393 0.00000000099999999959 0.00000000099999999959 0.00000000099999999959 0.00000000099999999959 0.00000000099999999959 0.00000000099999999959 0.00000000099999999959 
0.00000000099999999971 0.81571426765573518125 0.18428572434426493398 0.00000000099999999971 0.00000000099999999971 0.00000000099999999971 0.00000000099999999971 0.00000000099999999971 0.00000000099999999971 0.00000000099999999971 
0.00000000099999999973 0.99999999100000025454 0.00000000099999999973 0.00000000099999999973 0.00000000099999999973 0.00000000099999999973 0.00000000099999999973 0.00000000099999999973 0.00000000099999999973 0.00000000099999999973 
0.00000000099999999935 0.99999999100000025454 0.00000000099999999935 0.00000000099999999935 0.00000000099999999935 0.00000000099999999935 0.00000000099999999935 0.00000000099999999935 0.00000000099999999935 0.00000000099999999935 
0.00000000099999999965 0.37205062697929075499 0.62794936502070930473 0.00000000099999999965 0.00000000099999999965 0.00000000099999999965 0.00000000099999999965 0.00000000099999999965 0.00000000099999999965 0.00000000099999999965 
0.00000000099999999933 0.99999999100000014352 0.00000000099999999933 0.00000000099999999933 0.00000000099999999933 0.00000000099999999933 0.00000000099999999933 0.00000000099999999933 0.00000000099999999933 0.00000000099999999933 
0.00000000099999999966 0.79124309299434691933 0.20875689900565330692 0.00000000099999999966 0.00000000099999999966 0.00000000099999999966 0.00000000099999999966 0.00000000099999999966 0.00000000099999999966 0.00000000099999999966 
0.00000000099999999903 0.99999999100000025454 0.00000000099999999903 0.00000000099999999903 0.00000000099999999903 0.00000000099999999903 0.00000000099999999903 0.00000000099999999903 0.00000000099999999903 0.00000000099999999903 
0.00000000099999999925 0.99999999100000014352 0.00000000099999999925 0.00000000099999999925 0.00000000099999999925 0.00000000099999999925 0.00000000099999999925 0.00000000099999999925 0.00000000099999999925 0.00000000099999999925 
0.00000000099999999916 0.99999999100000025454 0.00000000099999999916 0.00000000099999999916 0.00000000099999999916 0.00000000099999999916 0.00000000099999999916 0.00000000099999999916 0.00000000099999999916 0.00000000099999999916 
0.00000000099999999977 0.50254764984941513450 0.49745234215058509175 0.00000000099999999977 0.00000000099999999977 0.00000000099999999977 0.00000000099999999977 0.00000000099999999977 0.00000000099999999977 0.00000000099999999977 
0.00000000099999999964 0.65624696933825077405 0.34375302266174934118 0.00000000099999999964 0.00000000099999999964 0.00000000099999999964 0.00000000099999999964 0.00000000099999999964 0.00000000099999999964 0.00000000099999999964 
0.00000000099999999966 0.88947505134861182263 0.11052494065138829260 0.00000000099999999966 0.00000000099999999966 0.00000000099999999966 0.00000000099999999966 0.00000000099999999966 0.00000000099999999966 0.00000000099999999966 
0.00000000099999999953 0.78022169978702238247 0.21977829221297770501 0.00000000099999999953 0.00000000099999999953 0.00000000099999999953 0.00000000099999999953 0.00000000099999999953 0.00000000099999999953 0.00000000099999999953 
0.00000000099999999923 0.99999999100000014352 0.00000000099999999923 0.00000000099999999923 0.00000000099999999923 0.00000000099999999923 0.00000000099999999923 0.00000000099999999923 0.00000000099999999923 0.00000000099999999923 
0.00000000099999999980 0.79577604469302165580 0.20422394730697851495 0.00000000099999999980 0.00000000099999999980 0.00000000099999999980 0.00000000099999999980 0.00000000099999999980 0.00000000099999999980 0.00000000099999999980 
0.00000000099999999959 0.83922056310292125758 0.16077942889707882990 0.00000000099999999959 0.00000000099999999959 0.00000000099999999959 0.00000000099999999959 0.00000000099999999959 0.00000000099999999959 0.00000000099999999959 
0.00000000099999999964 0.27896923735149831147 0.72103075464850185927 0.00000000099999999964 0.00000000099999999964 0.00000000099999999964 0.00000000099999999964 0.00000000099999999964 0.00000000099999999964 0.00000000099999999964 
0.00752221134174541235 0.21635111733162443182 0.73035513939328844391 0.00000000099999999994 0.00000000099999999994 0.01756637227034353252 0.02820515466299826704 0.00000000099999999994 0.00000000099999999994 0.00000000099999999994 
0.00000000099999999977 0.22166873626773272998 0.77833125573226746852 0.00000000099999999977 0.00000000099999999977 0.00000000099999999977 0.00000000099999999977 0.00000000099999999977 0.00000000099999999977 0.00000000099999999977 
0.00000000099999999971 0.00000000099999999971 0.99999999100000003249 0.00000000099999999971 0.00000000099999999971 0.00000000099999999971 0.00000000099999999971 0.00000000099999999971 0.00000000099999999971 0.00000000099999999971 
0.01040619395028582680 0.12753331160310713011 0.83064534110196452943 0.00000000099999999992 0.00000000099999999992 0.00000000099999999992 0.03141514734464249253 0.00000000099999999992 0.00000000099999999992 0.00000000099999999992 
0.00000000099999999963 0.05708149875228497871 0.94291849324771526142 0.00000000099999999963 0.00000000099999999963 0.00000000099999999963 0.00000000099999999963 0.00000000099999999963 0.00000000099999999963 0.00000000099999999963 
0.00000000099999999986 0.20663384533679465815 0.78651495048348452066 0.00685119717972101396 0.00000000099999999986 0.00000000099999999986 0.00000000099999999986 0.00000000099999999986 0.00000000099999999986 0.00000000099999999986 
0.00000000099999999955 0.00000000099999999955 0.99999999100000003249 0.00000000099999999955 0.00000000099999999955 0.00000000099999999955 0.00000000099999999955 0.00000000099999999955 0.00000000099999999955 0.00000000099999999955 
0.00000000099999999987 0.23154396188147055580 0.76845603011852958719 0.00000000099999999987 0.00000000099999999987 0.00000000099999999987 0.00000000099999999987 0.00000000099999999987 0.00000000099999999987 0.00000000099999999987 
0.00000000099999999973 0.02172706460691664621 0.97827292739308358005 0.00000000099999999973 0.00000000099999999973 0.00000000099999999973 0.00000000099999999973 0.00000000099999999973 0.00000000099999999973 0.00000000099999999973 
0.00000000099999999966 0.00022233546097392666 0.99977765653902628262 0.00000000099999999966 0.00000000099999999966 0.00000000099999999966 0.00000000099999999966 0.00000000099999999966 0.00000000099999999966 0.00000000099999999966 
0.00000000099999999951 0.00000000099999999951 0.99999999100000003249 0.00000000099999999951 0.00000000099999999951 0.00000000099999999951 0.00000000099999999951 0.00000000099999999951 0.00000000099999999951 0.00000000099999999951 
0.00000000099999999956 0.00000000099999999956 0.99999999100000014352 0.00000000099999999956 0.00000000099999999956 0.00000000099999999956 0.00000000099999999956 0.00000000099999999956 0.00000000099999999956 0.00000000099999999956 
0.00000000099999999949 0.00000000099999999949 0.99999999100000014352 0.00000000099999999949 0.00000000099999999949 0.00000000099999999949 0.00000000099999999949 0.00000000099999999949 0.00000000099999999949 0.00000000099999999949 
0.00000000099999999991 0.15276375525854291038 0.79816644680269144274 0.00000000099999999991 0.00000000099999999991 0.00000000099999999991 0.00000000099999999991 0.00000000099999999991 0.00000000099999999991 0.04906979093876585873 
0.00000000099999999961 0.00000000099999999961 0.99999999100000014352 0.00000000099999999961 0.00000000099999999961 0.00000000099999999961 0.00000000099999999961 0.00000000099999999961 0.00000000099999999961 0.00000000099999999961 
0.00000000099999999986 0.20405456123456947037 0.75945470301017026227 0.00000000099999999986 0.00000000099999999986 0.00000000099999999986 0.03649072875526027798 0.00000000099999999986 0.00000000099999999986 0.00000000099999999986 
0.00000000099999999960 0.06971064199328626254 0.93028935000671386657 0.00000000099999999960 0.00000000099999999960 0.00000000099999999960 0.00000000099999999960 0.00000000099999999960 0.00000000099999999960 0.00000000099999999960 
0.00000000099999999971 0.12895128211707965193 0.87104870988292049105 0.00000000099999999971 0.00000000099999999971 0.00000000099999999971 0.00000000099999999971 0.00000000099999999971 0.00000000099999999971 0.00000000099999999971 
0.00000000099999999971 0.11416718505277771711 0.88583280694722255078 0.00000000099999999971 0.00000000099999999971 0.00000000099999999971 0.00000000099999999971 0.00000000099999999971 0.00000000099999999971 0.00000000099999999971 
0.00000000099999999968 0.08263292938602646853 0.91736706261397371609 0.00000000099999999968 0.00000000099999999968 0.00000000099999999968 0.00000000099999999968 0.00000000099999999968 0.00000000099999999968 0.00000000099999999968 
0.00000000099999999980 0.22146341707124975184 0.77853657492875039114 0.00000000099999999980 0.00000000099999999980 0.00000000099999999980 0.00000000099999999980 0.00000000099999999980 0.00000000099999999980 0.00000000099999999980 
0.00000000099999999982 0.16199706728218910001 0.83800292471781090420 0.00000000099999999982 0.00000000099999999982 0.00000000099999999982 0.00000000099999999982 0.00000000099999999982 0.00000000099999999982 0.00000000099999999982 
0.00000000099999999968 0.08607582228163539184 0.91392416971836476502 0.00000000099999999968 0.00000000099999999968 0.00000000099999999968 0.00000000099999999968 0.00000000099999999968 0.00000000099999999968 0.00000000099999999968 
0.00000000099999999991 0.16864247410780827674 0.79380864561447173067 0.00000000099999999991 0.00000000099999999991 0.00000000099999999991 0.00000000099999999991 0.03754887327772012812 0.00000000099999999991 0.00000000099999999991 
0.00000000099999999958 0.07519177798109311084 0.92480821401890711542 0.00000000099999999958 0.00000000099999999958 0.00000000099999999958 0.00000000099999999958 0.00000000099999999958 0.00000000099999999958 0.00000000099999999958 
0.00000000099999999961 0.74442734506293084529 0.25557264693706926995 0.00000000099999999961 0.00000000099999999961 0.00000000099999999961 0.00000000099999999961 0.00000000099999999961 0.00000000099999999961 0.00000000099999999961 
0.00000000099999999973 0.08926094861663441682 0.91073904338336575393 0.00000000099999999973 0.00000000099999999973 0.00000000099999999973 0.00000000099999999973 0.00000000099999999973 0.00000000099999999973 0.00000000099999999973 
0.00000000099999999971 0.23574332647985038469 0.76425666552014981381 0.00000000099999999971 0.00000000099999999971 0.00000000099999999971 0.00000000099999999971 0.00000000099999999971 0.00000000099999999971 0.00000000099999999971 
0.00000000099999999979 0.18409530608249408123 0.81590468591750597849 0.00000000099999999979 0.00000000099999999979 0.00000000099999999979 0.00000000099999999979 0.00000000099999999979 0.00000000099999999979 0.00000000099999999979 
0.00000000099999999995 0.00000000099999999995 0.01628792801122443817 0.13216886860232171519 0.10126151593501024617 0.29864134733270725208 0.00000000099999999995 0.03730781048965630536 0.24923255429886748136 0.16509997233021261875 
0.00000000099999999984 0.00000000099999999984 0.00000000099999999984 0.11788487640069215956 0.10742411131925397316 0.16746913488910636358 0.00000000099999999984 0.02988410709151571865 0.41659638776677332395 0.16074137853265857423 
0.00000000099999999988 0.00000000099999999988 0.00000000099999999988 0.21865626121131787052 0.13082359688383302099 0.19040689791636883355 0.00000000099999999988 0.00000000099999999988 0.30864730640528842409 0.15146593258319190900 
0.00000000099999999982 0.00000000099999999982 0.00000000099999999982 0.12858207292098677854 0.14552487604644387398 0.10353543381474911156 0.00000000099999999982 0.00000000099999999982 0.29447448011909932442 0.32788313209872094189 
0.00000000099999999997 0.01097169832055867704 0.09443859210242143420 0.10072258006825662857 0.15868831622815998683 0.13203465084577947763 0.00000000099999999997 0.01302441441311889304 0.35671809802134701872 0.13340164800035800297 
0.00000000099999999989 0.00000000099999999989 0.03310456630279919044 0.15717288557272010574 0.15567943366553749218 0.13179260557561134348 0.00000000099999999989 0.00000000099999999989 0.36915015758616126496 0.15310034729717059143 
0.00000000099999999995 0.00000000099999999995 0.02407713510396348663 0.10811240776879957326 0.20465700937605410537 0.17577582195666824338 0.00000000099999999995 0.00736568903516713995 0.27897330560805067012 0.20103862815129697195 
0.00000000099999999989 0.01788724263833850123 0.00000000099999999989 0.18937229630197180419 0.20028697166731415646 0.18133290208857966164 0.00000000099999999989 0.00000000099999999989 0.29286865509344789382 0.11825192821034803681 
0.00000000099999999968 0.00000000099999999968 0.00000000099999999968 0.06667511857549644760 0.08867025847469862943 0.05697605323017065210 0.00000000099999999968 0.00000000099999999968 0.63459268512945243845 0.15308587959018171709 
0.00000000099999999965 0.00000000099999999965 0.00000000099999999965 0.10964422501808832044 0.03039815455463810295 0.05088464989376473985 0.00000000099999999965 0.00000000099999999965 0.65718293799946370104 0.15189002753404523549 
0.00000000099999999975 0.00000000099999999975 0.00000000099999999975 0.18571993735008843207 0.03646018949711897494 0.04552350212382413192 0.00000000099999999975 0.00000000099999999975 0.64905688501645908417 0.08323948101250933096 
0.00000000099999999975 0.00000000099999999975 0.00000000099999999975 0.10700127515548041313 0.04528939301888754848 0.02798810536968205157 0.00000000099999999975 0.00000000099999999975 0.70423991104301708610 0.11548131041293283050 
0.00000000099999999993 0.00656788710017144114 0.02812669462583547095 0.13997391536365877407 0.10008619863419734863 0.07874210007572056413 0.00000000099999999993 0.00000000099999999993 0.46395549441661604329 0.18254770678380011217 
0.00000000099999999967 0.00000000099999999967 0.00000000099999999967 0.16125614027562504282 0.08603446504535676442 0.00000005067369125424 0.00000000099999999967 0.00000000099999999967 0.57027656413290628290 0.18243277487242054447 
0.00000000099999999990 0.01188874423067834245 0.00000000099999999990 0.14332939797588570285 0.10751097864268095716 0.13647412355832333475 0.00000000099999999990 0.00000000099999999990 0.40964801179513155027 0.19114873979730007125 
0.00000000099999999986 0.00000000099999999986 0.00000000099999999986 0.14277367874622512445 0.09292428468102337247 0.05241655856211183129 0.00000000099999999986 0.00000000099999999986 0.56985391775301841299 0.14203155525762115041 
0.00000000099999999962 0.00000000099999999962 0.00000000099999999962 0.16529708338590054506 0.05251568475605387226 0.00327280654412731532 0.00000000099999999962 0.00000000099999999962 0.61570939852780814938 0.16320502178611023814 
0.00000000099999999976 0.00000000099999999976 0.00000000099999999976 0.19844111944164219419 0.00000024602107823289 0.18376811340897600267 0.00000000099999999976 0.00000000099999999976 0.49774922778187530303 0.12004128834642832646 
0.00000000099999999975 0.00000000099999999975 0.00000000099999999975 0.19674680255826079711 0.12427811371605379520 0.09176492184398735152 0.00000000099999999975 0.00000000099999999975 0.47388306072540647973 0.11332709615629149580 
0.00000000099999999973 0.00000000099999999973 0.00000000099999999973 0.15337756914758648996 0.17837740139673521900 0.09509129534260379879 0.00000000099999999973 0.00000000099999999973 0.42787185061488353099 0.14528187849819088062 
0.00000000099999999929 0.00000000099999999929 0.00000000099999999929 0.00000000099999999929 0.00000000099999999929 0.99999999100000014352 0.00000000099999999929 0.00000000099999999929 0.00000000099999999929 0.00000000099999999929 
0.00000000099999999921 0.00000000099999999921 0.00000000099999999921 0.00000000099999999921 0.00000000099999999921 0.99999999100000014352 0.00000000099999999921 0.00000000099999999921 0.00000000099999999921 0.00000000099999999921 
0.00000000099999999955 0.00000000099999999955 0.00000000099999999955 0.00000000099999999955 0.00000000099999999955 0.99999999100000014352 0.00000000099999999955 0.00000000099999999955 0.00000000099999999955 0.00000000099999999955 
0.00000000099999999951 0.00000000099999999951 0.00000000099999999951 0.00000000099999999951 0.00000000099999999951 0.95763047228134912103 0.00000000099999999951 0.00000000099999999951 0.00000000099999999951 0.04236951971865098032 
0.00000000099999999974 0.00000000099999999974 0.00000000099999999974 0.04739070356237624904 0.00000000099999999974 0.80972015231717897610 0.00000000099999999974 0.00000000099999999974 0.00000000099999999974 0.14288913712044484794 
0.00000000099999999928 0.00000000099999999928 0.00000000099999999928 0.00000000099999999928 0.00000000099999999928 0.99999999100000014352 0.00000000099999999928 0.00000000099999999928 0.00000000099999999928 0.00000000099999999928 
0.00000000099999999955 0.00000000099999999955 0.00000000099999999955 0.00000000099999999955 0.00000000099999999955 0.90099515543938435425 0.00000000099999999955 0.00000000099999999955 0.00000000099999999955 0.09900483656061569160 
0.00000000099999999922 0.00000000099999999922 0.00000000099999999922 0.00000000099999999922 0.00000000099999999922 0.99999999100000003249 0.00000000099999999922 0.00000000099999999922 0.00000000099999999922 0.00000000099999999922 
0.00000000099999999949 0.00000000099999999949 0.00000000099999999949 0.00000000099999999949 0.00000000099999999949 0.99999999100000003249 0.00000000099999999949 0.00000000099999999949 0.00000000099999999949 0.00000000099999999949 
0.00000000099999999931 0.00000000099999999931 0.00000000099999999931 0.00000000099999999931 0.00000000099999999931 0.99999999100000014352 0.00000000099999999931 0.00000000099999999931 0.00000000099999999931 0.00000000099999999931 
0.00000000099999999935 0.00000000099999999935 0.00000000099999999935 0.00000000099999999935 0.00000000099999999935 0.99999999100000003249 0.00000000099999999935 0.00000000099999999935 0.00000000099999999935 0.00000000099999999935 
0.00000000099999999961 0.00000000099999999961 0.00000000099999999961 0.00000000099999999961 0.00000000099999999961 0.99999999100000014352 0.00000000099999999961 0.00000000099999999961 0.00000000099999999961 0.00000000099999999961 
0.00000000099999999927 0.00000000099999999927 0.00000000099999999927 0.00000000099999999927 0.00000000099999999927 0.99999999100000003249 0.00000000099999999927 0.00000000099999999927 0.00000000099999999927 0.00000000099999999927 
0.00000000099999999975 0.00000000099999999975 0.00000000099999999975 0.05741316136153417488 0.01971883680474096831 0.76669629808312100838 0.00000000099999999975 0.00000000099999999975 0.08851358704190430415 0.06765811170869950875 
0.00000000099999999969 0.00000000099999999969 0.00000000099999999969 0.00000000099999999969 0.00000000099999999969 0.98144489534919765461 0.00000000099999999969 0.00000000099999999969 0.00000000099999999969 0.01855509665080251613 
0.00000000099999999943 0.00000000099999999943 0.00000000099999999943 0.00000000099999999943 0.00000000099999999943 0.99999999100000014352 0.00000000099999999943 0.00000000099999999943 0.00000000099999999943 0.00000000099999999943 
