0.00000000099999999854 0.00000000099999999854 0.00000000099999999854 0.00000000099999999854 0.00000000099999999854 0.99999998800000011734 0.00000000099999999854 0.00000000099999999854 0.00000000099999999854 0.00000000099999999854 0.00000000099999999854 0.00000000099999999854 0.00000000099999999854 
0.00000000099999999867 0.00000000099999999867 0.00000000099999999867 0.00000000099999999867 0.00000000099999999867 0.99999998800000000632 0.00000000099999999867 0.00000000099999999867 0.00000000099999999867 0.00000000099999999867 0.00000000099999999867 0.00000000099999999867 0.00000000099999999867 
0.00000000099999999857 0.00000000099999999857 0.00000000099999999857 0.00000000099999999857 0.00000000099999999857 0.99999998800000011734 0.00000000099999999857 0.00000000099999999857 0.00000000099999999857 0.00000000099999999857 0.00000000099999999857 0.00000000099999999857 0.00000000099999999857 
0.00000000099999999878 0.00000000099999999878 0.00000000099999999878 0.00000000099999999878 0.00000000099999999878 0.00000000099999999878 0.00000000099999999878 0.00000000099999999878 0.00000000099999999878 0.99999998799999989529 0.00000000099999999878 0.00000000099999999878 0.00000000099999999878 
0.00000000099999999855 0.00000000099999999855 0.00000000099999999855 0.00000000099999999855 0.00000000099999999855 0.00000000099999999855 0.00000000099999999855 0.00000000099999999855 0.00000000099999999855 0.99999998799999989529 0.00000000099999999855 0.00000000099999999855 0.00000000099999999855 
0.00000000099999999875 0.00000000099999999875 0.00000000099999999875 0.00000000099999999875 0.00000000099999999875 0.00000000099999999875 0.00000000099999999875 0.00000000099999999875 0.00000000099999999875 0.99999998800000000632 0.00000000099999999875 0.00000000099999999875 0.00000000099999999875 
0.00000000099999999854 0.00000000099999999854 0.00000000099999999854 0.00000000099999999854 0.00000000099999999854 0.99999998800000011734 0.00000000099999999854 0.00000000099999999854 0.00000000099999999854 0.00000000099999999854 0.00000000099999999854 0.00000000099999999854 0.00000000099999999854 
0.00000000099999999865 0.00000000099999999865 0.00000000099999999865 0.00000000099999999865 0.00000000099999999865 0.99999998800000011734 0.00000000099999999865 0.00000000099999999865 0.00000000099999999865 0.00000000099999999865 0.00000000099999999865 0.00000000099999999865 0.00000000099999999865 
0.00000000099999999868 0.00000000099999999868 0.00000000099999999868 0.00000000099999999868 0.00000000099999999868 0.99999998800000000632 0.00000000099999999868 0.00000000099999999868 0.00000000099999999868 0.00000000099999999868 0.00000000099999999868 0.00000000099999999868 0.00000000099999999868 
0.00000000099999999859 0.00000000099999999859 0.00000000099999999859 0.00000000099999999859 0.00000000099999999859 0.99999998800000000632 0.00000000099999999859 0.00000000099999999859 0.00000000099999999859 0.00000000099999999859 0.00000000099999999859 0.00000000099999999859 0.00000000099999999859 
0.00000000099999999860 0.00000000099999999860 0.00000000099999999860 0.00000000099999999860 0.00000000099999999860 0.99999998800000011734 0.00000000099999999860 0.00000000099999999860 0.00000000099999999860 0.00000000099999999860 0.00000000099999999860 0.00000000099999999860 0.00000000099999999860 
0.00000000099999999867 0.00000000099999999867 0.00000000099999999867 0.00000000099999999867 0.00000000099999999867 0.99999998800000011734 0.00000000099999999867 0.00000000099999999867 0.00000000099999999867 0.00000000099999999867 0.00000000099999999867 0.00000000099999999867 0.00000000099999999867 
0.00000000099999999876 0.00000000099999999876 0.00000000099999999876 0.00000000099999999876 0.00000000099999999876 0.00000000099999999876 0.00000000099999999876 0.00000000099999999876 0.00000000099999999876 0.99999998799999989529 0.00000000099999999876 0.00000000099999999876 0.00000000099999999876 
0.00000000099999999850 0.00000000099999999850 0.00000000099999999850 0.00000000099999999850 0.00000000099999999850 0.00000000099999999850 0.00000000099999999850 0.00000000099999999850 0.00000000099999999850 0.99999998799999989529 0.00000000099999999850 0.00000000099999999850 0.00000000099999999850 
0.00000000099999999868 0.00000000099999999868 0.00000000099999999868 0.00000000099999999868 0.00000000099999999868 0.00000000099999999868 0.00000000099999999868 0.00000000099999999868 0.00000000099999999868 0.99999998800000000632 0.00000000099999999868 0.00000000099999999868 0.00000000099999999868 
0.00000000099999999872 0.00000000099999999872 0.00000000099999999872 0.00000000099999999872 0.00000000099999999872 0.00000000099999999872 0.00000000099999999872 0.00000000099999999872 0.00000000099999999872 0.99999998800000000632 0.00000000099999999872 0.00000000099999999872 0.00000000099999999872 
0.00000000099999999867 0.00000000099999999867 0.00000000099999999867 0.00000000099999999867 0.00000000099999999867 0.00000000099999999867 0.00000000099999999867 0.00000000099999999867 0.00000000099999999867 0.99999998799999989529 0.00000000099999999867 0.00000000099999999867 0.00000000099999999867 
0.00000000099999999865 0.00000000099999999865 0.00000000099999999865 0.00000000099999999865 0.00000000099999999865 0.00000000099999999865 0.00000000099999999865 0.00000000099999999865 0.00000000099999999865 0.99999998799999989529 0.00000000099999999865 0.00000000099999999865 0.00000000099999999865 
0.00000000099999999869 0.00000000099999999869 0.00000000099999999869 0.00000000099999999869 0.00000000099999999869 0.00000000099999999869 0.99999998800000000632 0.00000000099999999869 0.00000000099999999869 0.00000000099999999869 0.00000000099999999869 0.00000000099999999869 0.00000000099999999869 
0.00000000099999999938 0.00000000099999999938 0.00000000099999999938 0.00000000099999999938 0.00000000099999999938 0.83940188901065282412 0.00000000099999999938 0.00000000099999999938 0.00000000099999999938 0.16059809998934743147 0.00000000099999999938 0.00000000099999999938 0.00000000099999999938 
0.00000000099999999867 0.00000000099999999867 0.00000000099999999867 0.00000000099999999867 0.00000000099999999867 0.00000000099999999867 0.99999998800000000632 0.00000000099999999867 0.00000000099999999867 0.00000000099999999867 0.00000000099999999867 0.00000000099999999867 0.00000000099999999867 
0.00000000099999999936 0.00000000099999999936 0.00000000099999999936 0.00000000099999999936 0.00000000099999999936 0.84332758982878053278 0.00000000099999999936 0.00000000099999999936 0.00000000099999999936 0.15667239917121961179 0.00000000099999999936 0.00000000099999999936 0.00000000099999999936 
0.00000000099999999859 0.00000000099999999859 0.00000000099999999859 0.00000000099999999859 0.00000000099999999859 0.00000000099999999859 0.99999998799999989529 0.00000000099999999859 0.00000000099999999859 0.00000000099999999859 0.00000000099999999859 0.00000000099999999859 0.00000000099999999859 
0.00000000099999999908 0.00000000099999999908 0.00000000099999999908 0.00000000099999999908 0.00000000099999999908 0.00000000099999999908 0.99999998800000000632 0.00000000099999999908 0.00000000099999999908 0.00000000099999999908 0.00000000099999999908 0.00000000099999999908 0.00000000099999999908 
0.00000000099999999858 0.00000000099999999858 0.00000000099999999858 0.00000000099999999858 0.00000000099999999858 0.00000000099999999858 0.99999998800000000632 0.00000000099999999858 0.00000000099999999858 0.00000000099999999858 0.00000000099999999858 0.00000000099999999858 0.00000000099999999858 
0.00000000099999999934 0.00000000099999999934 0.00000000099999999934 0.00000000099999999934 0.00000000099999999934 0.82228661054222329518 0.00000000099999999934 0.00000000099999999934 0.00000000099999999934 0.17771337845777687714 0.00000000099999999934 0.00000000099999999934 0.00000000099999999934 
0.00000000099999999856 0.00000000099999999856 0.00000000099999999856 0.00000000099999999856 0.00000000099999999856 0.00000000099999999856 0.99999998800000000632 0.00000000099999999856 0.00000000099999999856 0.00000000099999999856 0.00000000099999999856 0.00000000099999999856 0.00000000099999999856 
0.00000000099999999877 0.00000000099999999877 0.00000000099999999877 0.00000000099999999877 0.00000000099999999877 0.00000000099999999877 0.99999998800000000632 0.00000000099999999877 0.00000000099999999877 0.00000000099999999877 0.00000000099999999877 0.00000000099999999877 0.00000000099999999877 
0.00000000099999999857 0.00000000099999999857 0.00000000099999999857 0.00000000099999999857 0.00000000099999999857 0.00000000099999999857 0.99999998799999989529 0.00000000099999999857 0.00000000099999999857 0.00000000099999999857 0.00000000099999999857 0.00000000099999999857 0.00000000099999999857 
0.00000000099999999862 0.00000000099999999862 0.00000000099999999862 0.00000000099999999862 0.00000000099999999862 0.00000000099999999862 0.99999998799999989529 0.00000000099999999862 0.00000000099999999862 0.00000000099999999862 0.00000000099999999862 0.00000000099999999862 0.00000000099999999862 
0.00000000099999999907 0.00000000099999999907 0.00000000099999999907 0.00000000099999999907 0.00000000099999999907 0.00000000099999999907 0.99999998800000011734 0.00000000099999999907 0.00000000099999999907 0.00000000099999999907 0.00000000099999999907 0.00000000099999999907 0.00000000099999999907 
0.00000000099999999880 0.00000000099999999880 0.00000000099999999880 0.00000000099999999880 0.00000000099999999880 0.00000000099999999880 0.99999998800000000632 0.00000000099999999880 0.00000000099999999880 0.00000000099999999880 0.00000000099999999880 0.00000000099999999880 0.00000000099999999880 
0.00000000099999999888 0.00000000099999999888 0.00000000099999999888 0.00000000099999999888 0.00000000099999999888 0.00000000099999999888 0.99999998800000000632 0.00000000099999999888 0.00000000099999999888 0.00000000099999999888 0.00000000099999999888 0.00000000099999999888 0.00000000099999999888 
0.00000000099999999927 0.00000000099999999927 0.00000000099999999927 0.00000000099999999927 0.00000000099999999927 0.83702495922959851971 0.00000000099999999927 0.00000000099999999927 0.00000000099999999927 0.16297502977040173588 0.00000000099999999927 0.00000000099999999927 0.00000000099999999927 
0.00000000099999999913 0.00000000099999999913 0.00000000099999999913 0.00000000099999999913 0.00000000099999999913 0.00000000099999999913 0.99999998800000011734 0.00000000099999999913 0.00000000099999999913 0.00000000099999999913 0.00000000099999999913 0.00000000099999999913 0.00000000099999999913 
0.00000000099999999886 0.00000000099999999886 0.00000000099999999886 0.00000000099999999886 0.00000000099999999886 0.00000000099999999886 0.99999998799999989529 0.00000000099999999886 0.00000000099999999886 0.00000000099999999886 0.00000000099999999886 0.00000000099999999886 0.00000000099999999886 
0.00000000099999999874 0.00000000099999999874 0.00000000099999999874 0.00000000099999999874 0.00000000099999999874 0.00000000099999999874 0.99999998799999989529 0.00000000099999999874 0.00000000099999999874 0.00000000099999999874 0.00000000099999999874 0.00000000099999999874 0.00000000099999999874 
0.00000000099999999869 0.00000000099999999869 0.00000000099999999869 0.00000000099999999869 0.00000000099999999869 0.00000000099999999869 0.99999998799999989529 0.00000000099999999869 0.00000000099999999869 0.00000000099999999869 0.00000000099999999869 0.00000000099999999869 0.00000000099999999869 
0.00000000099999999883 0.00000000099999999883 0.99999998800000000632 0.00000000099999999883 0.00000000099999999883 0.00000000099999999883 0.00000000099999999883 0.00000000099999999883 0.00000000099999999883 0.00000000099999999883 0.00000000099999999883 0.00000000099999999883 0.00000000099999999883 
0.00000000099999999888 0.00000000099999999888 0.99999998800000011734 0.00000000099999999888 0.00000000099999999888 0.00000000099999999888 0.00000000099999999888 0.00000000099999999888 0.00000000099999999888 0.00000000099999999888 0.00000000099999999888 0.00000000099999999888 0.00000000099999999888 
0.00000000099999999973 0.00000000099999999973 0.65120846942110355293 0.06121138764850268810 0.28758013293039391689 0.00000000099999999973 0.00000000099999999973 0.00000000099999999973 0.00000000099999999973 0.00000000099999999973 0.00000000099999999973 0.00000000099999999973 0.00000000099999999973 
0.00000000099999999912 0.00000000099999999912 0.99999998800000011734 0.00000000099999999912 0.00000000099999999912 0.00000000099999999912 0.00000000099999999912 0.00000000099999999912 0.00000000099999999912 0.00000000099999999912 0.00000000099999999912 0.00000000099999999912 0.00000000099999999912 
0.00000000099999999874 0.00000000099999999874 0.99999998800000000632 0.00000000099999999874 0.00000000099999999874 0.00000000099999999874 0.00000000099999999874 0.00000000099999999874 0.00000000099999999874 0.00000000099999999874 0.00000000099999999874 0.00000000099999999874 0.00000000099999999874 
0.00000000099999999892 0.00000000099999999892 0.99999998800000000632 0.00000000099999999892 0.00000000099999999892 0.00000000099999999892 0.00000000099999999892 0.00000000099999999892 0.00000000099999999892 0.00000000099999999892 0.00000000099999999892 0.00000000099999999892 0.00000000099999999892 
0.00000000099999999892 0.00000000099999999892 0.99999998800000000632 0.00000000099999999892 0.00000000099999999892 0.00000000099999999892 0.00000000099999999892 0.00000000099999999892 0.00000000099999999892 0.00000000099999999892 0.00000000099999999892 0.00000000099999999892 0.00000000099999999892 
0.00000000099999999884 0.00000000099999999884 0.99999998800000011734 0.00000000099999999884 0.00000000099999999884 0.00000000099999999884 0.00000000099999999884 0.00000000099999999884 0.00000000099999999884 0.00000000099999999884 0.00000000099999999884 0.00000000099999999884 0.00000000099999999884 
0.00000000099999999889 0.00000000099999999889 0.99999998800000011734 0.00000000099999999889 0.00000000099999999889 0.00000000099999999889 0.00000000099999999889 0.00000000099999999889 0.00000000099999999889 0.00000000099999999889 0.00000000099999999889 0.00000000099999999889 0.00000000099999999889 
0.00000000099999999985 0.00000000099999999985 0.64212140534362283084 0.08286551716658406563 0.27046938980808088449 0.00000000099999999985 0.00000000099999999985 0.00000000099999999985 0.00000000099999999985 0.00000000099999999985 0.00000000099999999985 0.00454367859142962207 0.00000000109028257340 
0.00000000099999999889 0.00000000099999999889 0.99999998800000000632 0.00000000099999999889 0.00000000099999999889 0.00000000099999999889 0.00000000099999999889 0.00000000099999999889 0.00000000099999999889 0.00000000099999999889 0.00000000099999999889 0.00000000099999999889 0.00000000099999999889 
0.00000000099999999892 0.00000000099999999892 0.99999998800000011734 0.00000000099999999892 0.00000000099999999892 0.00000000099999999892 0.00000000099999999892 0.00000000099999999892 0.00000000099999999892 0.00000000099999999892 0.00000000099999999892 0.00000000099999999892 0.00000000099999999892 
0.00000000099999999908 0.00000000099999999908 0.99999998800000011734 0.00000000099999999908 0.00000000099999999908 0.00000000099999999908 0.00000000099999999908 0.00000000099999999908 0.00000000099999999908 0.00000000099999999908 0.00000000099999999908 0.00000000099999999908 0.00000000099999999908 
0.00000000099999999908 0.00000000099999999908 0.99999998800000011734 0.00000000099999999908 0.00000000099999999908 0.00000000099999999908 0.00000000099999999908 0.00000000099999999908 0.00000000099999999908 0.00000000099999999908 0.00000000099999999908 0.00000000099999999908 0.00000000099999999908 
0.00000000099999999911 0.00000000099999999911 0.99999998800000022836 0.00000000099999999911 0.00000000099999999911 0.00000000099999999911 0.00000000099999999911 0.00000000099999999911 0.00000000099999999911 0.00000000099999999911 0.00000000099999999911 0.00000000099999999911 0.00000000099999999911 
0.00000000099999999891 0.00000000099999999891 0.99999998800000011734 0.00000000099999999891 0.00000000099999999891 0.00000000099999999891 0.00000000099999999891 0.00000000099999999891 0.00000000099999999891 0.00000000099999999891 0.00000000099999999891 0.00000000099999999891 0.00000000099999999891 
0.00000000099999999897 0.00000000099999999897 0.99999998800000000632 0.00000000099999999897 0.00000000099999999897 0.00000000099999999897 0.00000000099999999897 0.00000000099999999897 0.00000000099999999897 0.00000000099999999897 0.00000000099999999897 0.00000000099999999897 0.00000000099999999897 
0.00000000099999999920 0.00000000099999999920 0.99999998800000022836 0.00000000099999999920 0.00000000099999999920 0.00000000099999999920 0.00000000099999999920 0.00000000099999999920 0.00000000099999999920 0.00000000099999999920 0.00000000099999999920 0.00000000099999999920 0.00000000099999999920 
0.00000000099999999921 0.00000000099999999921 0.99999998800000011734 0.00000000099999999921 0.00000000099999999921 0.00000000099999999921 0.00000000099999999921 0.00000000099999999921 0.00000000099999999921 0.00000000099999999921 0.00000000099999999921 0.00000000099999999921 0.00000000099999999921 
0.00000000099999999994 0.03759502501991798112 0.19866889404810930686 0.00000000099999999994 0.55900783395106956597 0.00000000099999999994 0.00000000099999999994 0.03286842520869363155 0.00000000099999999994 0.01765744613983820030 0.00000000099999999994 0.13872515074795857548 0.01547721888441270545 
0.00000000099999999955 0.00000000099999999955 0.00000000099999999955 0.00000000099999999955 0.99999998800000022836 0.00000000099999999955 0.00000000099999999955 0.00000000099999999955 0.00000000099999999955 0.00000000099999999955 0.00000000099999999955 0.00000000099999999955 0.00000000099999999955 
0.00000000099999999975 0.00000000099999999975 0.06519455572584734182 0.00000000099999999975 0.89406907748886166321 0.00000000099999999975 0.00000000099999999975 0.00004253380780636024 0.00000000099999999975 0.00000000099999999975 0.00000000099999999975 0.04069382397748485397 0.00000000099999999975 
0.00000000099999999961 0.00000000099999999961 0.00000000099999999961 0.00000000099999999961 0.99999998800000022836 0.00000000099999999961 0.00000000099999999961 0.00000000099999999961 0.00000000099999999961 0.00000000099999999961 0.00000000099999999961 0.00000000099999999961 0.00000000099999999961 
0.00000000099999999984 0.00000000099999999984 0.15876224441695546696 0.04906074658308104408 0.71236510373606543034 0.00000000099999999984 0.00000000099999999984 0.01743574032566586399 0.00000000099999999984 0.00000000099999999984 0.00000000099999999984 0.06017835170312842152 0.00219780623510386656 
0.00000000099999999949 0.00000000099999999949 0.00000066992017953262 0.00000000099999999949 0.99999931907982053669 0.00000000099999999949 0.00000000099999999949 0.00000000099999999949 0.00000000099999999949 0.00000000099999999949 0.00000000099999999949 0.00000000099999999949 0.00000000099999999949 
0.00000000099999999987 0.00000000099999999987 0.09793185173925855747 0.00000000099999999987 0.84439514483304778381 0.00000000099999999987 0.00000000099999999987 0.00000000099999999987 0.00000000099999999987 0.00000000099999999987 0.00000000099999999987 0.05739392791793322679 0.00027906650976064273 
0.08980152416485408240 0.00000000099999999995 0.17894989571055217037 0.00000000099999999995 0.63833215643173135678 0.00000000099999999995 0.00000000099999999995 0.00019411943957683807 0.00234292396077931181 0.00002503083894057395 0.00000000099999999995 0.09035421256167854021 0.00000013189188696422 
0.04048849843877825455 0.00000000099999999978 0.07211938250926289151 0.00000000099999999978 0.81982294618629281135 0.00000000099999999978 0.00000000099999999978 0.06756916386566613753 0.00000000099999999978 0.00000000099999999978 0.00000000099999999978 0.00000000099999999978 0.00000000099999999978 
0.00000000099999999915 0.00000000099999999915 0.00000000099999999915 0.00000000099999999915 0.99999998800000011734 0.00000000099999999915 0.00000000099999999915 0.00000000099999999915 0.00000000099999999915 0.00000000099999999915 0.00000000099999999915 0.00000000099999999915 0.00000000099999999915 
0.04185769596027524159 0.00000000099999999968 0.05204436441576235084 0.00000000099999999968 0.90609792962396262794 0.00000000099999999968 0.00000000099999999968 0.00000000099999999968 0.00000000099999999968 0.00000000099999999968 0.00000000099999999968 0.00000000099999999968 0.00000000099999999968 
0.00000000099999999969 0.00000000099999999969 0.14856570783034914185 0.00000000099999999969 0.84139611159737670576 0.00000000099999999969 0.00000000099999999969 0.00000000099999999969 0.00000000099999999969 0.00000000099999999969 0.00000000099999999969 0.01003817057227432766 0.00000000099999999969 
0.00000000099999999925 0.00000000099999999925 0.00000000099999999925 0.00000000099999999925 0.99999998800000022836 0.00000000099999999925 0.00000000099999999925 0.00000000099999999925 0.00000000099999999925 0.00000000099999999925 0.00000000099999999925 0.00000000099999999925 0.00000000099999999925 
0.00000000099999999968 0.00000000099999999968 0.00000003605290539967 0.00000000099999999968 0.92961552933921243191 0.00000000099999999968 0.00000000099999999968 0.05050384575019829791 0.00000000099999999968 0.00000000099999999968 0.00000000099999999968 0.00000000099999999968 0.01988057985768389158 
0.00000000099999999920 0.00000000099999999920 0.00000000099999999920 0.00000000099999999920 0.99999998800000022836 0.00000000099999999920 0.00000000099999999920 0.00000000099999999920 0.00000000099999999920 0.00000000099999999920 0.00000000099999999920 0.00000000099999999920 0.00000000099999999920 
0.00000000099999999923 0.00000000099999999923 0.00000000099999999923 0.00000000099999999923 0.99999998800000022836 0.00000000099999999923 0.00000000099999999923 0.00000000099999999923 0.00000000099999999923 0.00000000099999999923 0.00000000099999999923 0.00000000099999999923 0.00000000099999999923 
0.00000000099999999931 0.00000000099999999931 0.00000000099999999931 0.00000000099999999931 0.99999998800000011734 0.00000000099999999931 0.00000000099999999931 0.00000000099999999931 0.00000000099999999931 0.00000000099999999931 0.00000000099999999931 0.00000000099999999931 0.00000000099999999931 
0.00000000099999999962 0.00000000099999999962 0.00000000099999999962 0.00000000099999999962 0.00000000099999999962 0.00000000099999999962 0.00000000099999999962 0.00000000099999999962 0.11911091906636850357 0.00000000099999999962 0.88088906993363136344 0.00000000099999999962 0.00000000099999999962 
0.00000000099999999953 0.00000004042560336593 0.00000000099999999953 0.00000000099999999953 0.00000000099999999953 0.00000000099999999953 0.00000000099999999953 0.00000000099999999953 0.18528249030063098646 0.00000000099999999953 0.81471745927376559848 0.00000000099999999953 0.00000000099999999953 
0.00000000099999999967 0.09018085524767874284 0.00000000099999999967 0.00000000099999999967 0.00000000099999999967 0.00000000099999999967 0.00000000099999999967 0.00000000099999999967 0.20514206151992964156 0.00000000099999999967 0.70467707323239170414 0.00000000099999999967 0.00000000099999999967 
0.00000000099999999975 0.09151500623327238348 0.00000000099999999975 0.00000000099999999975 0.00000000099999999975 0.00000000099999999975 0.00000119695562953210 0.00000000099999999975 0.13972403043515035925 0.00000000099999999975 0.76875975737594770543 0.00000000099999999975 0.00000000099999999975 
0.00000000099999999931 0.00000000099999999931 0.00000000099999999931 0.00000000099999999931 0.00000000099999999931 0.00000000099999999931 0.00000000099999999931 0.00000000099999999931 0.00000000099999999931 0.00000000099999999931 0.99999998800000000632 0.00000000099999999931 0.00000000099999999931 
0.00000000099999999977 0.08084330834310171632 0.00000000099999999977 0.00000000099999999977 0.00000000099999999977 0.00000000099999999977 0.01830270061176923063 0.00000000099999999977 0.16066675059913915202 0.00000000099999999977 0.74018723144598985719 0.00000000099999999977 0.00000000099999999977 
0.00000000099999999969 0.13254700747450726128 0.00000000099999999969 0.00000000099999999969 0.00000000099999999969 0.00000000099999999969 0.00000000099999999969 0.00000000099999999969 0.17659317984112576916 0.00000000099999999969 0.69085980268436697482 0.00000000099999999969 0.00000000099999999969 
0.00000000099999999970 0.00000000099999999970 0.00000000099999999970 0.00000000099999999970 0.00000000099999999970 0.00000000099999999970 0.00000000099999999970 0.00000000099999999970 0.03507772939706427229 0.00000000099999999970 0.96492225960293565024 0.00000000099999999970 0.00000000099999999970 
0.00000000099999999931 0.00000000099999999931 0.00000000099999999931 0.00000000099999999931 0.00000000099999999931 0.00000000099999999931 0.00000000099999999931 0.00000000099999999931 0.00000000099999999931 0.00000000099999999931 0.99999998800000000632 0.00000000099999999931 0.00000000099999999931 
0.00000000099999999959 0.00000000099999999959 0.00000000099999999959 0.00000000099999999959 0.00000000099999999959 0.00000000099999999959 0.00000000099999999959 0.00000000099999999959 0.10899541698854620098 0.00000000099999999959 0.89100457201145377706 0.00000000099999999959 0.00000000099999999959 
0.00000000099999999983 0.13046108486080687516 0.00000000099999999983 0.00000000099999999983 0.00000000099999999983 0.01396972685409206619 0.00000000194025555820 0.00000000099999999983 0.17939727579966890936 0.00000000099999999983 0.67617190254517667292 0.00000000099999999983 0.00000000099999999983 
0.00000000099999999982 0.06622163830227913162 0.00000000099999999982 0.00000000099999999982 0.00000000099999999982 0.00000000099999999982 0.00000000099999999982 0.00000000099999999982 0.14222985933381648849 0.00000000099999999982 0.79154849236390434353 0.00000000099999999982 0.00000000099999999982 
0.00000000099999999961 0.00000000099999999961 0.00000000099999999961 0.00000000099999999961 0.00000000099999999961 0.00000000099999999961 0.00000000099999999961 0.00000000099999999961 0.08664402218020206270 0.00000000099999999961 0.91335596681979791533 0.00000000099999999961 0.00000000099999999961 
0.00000000099999999948 0.10830405987710295390 0.00000000099999999948 0.00000000099999999948 0.00000000099999999948 0.00000000099999999948 0.00000000099999999948 0.00000000099999999948 0.00000000099999999948 0.00000000099999999948 0.89169592912289719067 0.00000000099999999948 0.00000000099999999948 
0.00000000099999999953 0.06597468300066552938 0.00000000099999999953 0.00000000099999999953 0.00000000099999999953 0.00000000099999999953 0.00000000099999999953 0.00000000099999999953 0.08854332253369222305 0.00000000099999999953 0.84548198446564226671 0.00000000099999999953 0.00000000099999999953 
0.00000000099999999982 0.08557800392449496640 0.00000000099999999982 0.00000000099999999982 0.00000000099999999982 0.00000000099999999982 0.00000000099999999982 0.00000000099999999982 0.10675505694471908169 0.00000000099999999982 0.80766692913078586002 0.00000000099999999982 0.00000000099999999982 
0.00000000099999999946 0.00000000099999999946 0.00000000099999999946 0.00000000099999999946 0.00000000099999999946 0.00000000099999999946 0.00000000099999999946 0.00000000099999999946 0.12431194343776426348 0.00000000099999999946 0.87568804556223578395 0.00000000099999999946 0.00000000099999999946 
0.00000000099999999965 0.02808229778397126897 0.00000000099999999965 0.00000000099999999965 0.00000000099999999965 0.00000000099999999965 0.00000000099999999965 0.00000000099999999965 0.82295546306145761495 0.00000000099999999965 0.14896222915457124625 0.00000000099999999965 0.00000000099999999965 
0.00000000099999999968 0.00000000099999999968 0.00000000099999999968 0.00000000099999999968 0.00000000099999999968 0.00000000099999999968 0.00000000099999999968 0.00000000099999999968 0.99999998800000000632 0.00000000099999999968 0.00000000099999999968 0.00000000099999999968 0.00000000099999999968 
0.00000000099999999919 0.00000000099999999919 0.00000000099999999919 0.00000000099999999919 0.00000000099999999919 0.00000000099999999919 0.00000000099999999919 0.00000000099999999919 0.99999998800000011734 0.00000000099999999919 0.00000000099999999919 0.00000000099999999919 0.00000000099999999919 
0.00000000099999999956 0.12948303389368820415 0.00000000099999999956 0.00000000099999999956 0.00000000099999999956 0.00000000099999999956 0.00000000099999999956 0.00000000099999999956 0.32216743085940530156 0.00000000099999999956 0.54834952524690649955 0.00000000099999999956 0.00000000099999999956 
0.00000000099999999912 0.00000000099999999912 0.00000000099999999912 0.00000000099999999912 0.00000000099999999912 0.00000000099999999912 0.00000000099999999912 0.00000000099999999912 0.99999998800000011734 0.00000000099999999912 0.00000000099999999912 0.00000000099999999912 0.00000000099999999912 
0.00000000099999999959 0.09985325715423060133 0.00000000099999999959 0.00000000099999999959 0.00000000099999999959 0.00000000099999999959 0.00000000099999999959 0.00000000099999999959 0.80452564282558747255 0.00000000099999999959 0.09562109002018195913 0.00000000099999999959 0.00000000099999999959 
0.00000000099999999873 0.00000000099999999873 0.00000000099999999873 0.00000000099999999873 0.00000000099999999873 0.00000000099999999873 0.00000000099999999873 0.00000000099999999873 0.99999998800000000632 0.00000000099999999873 0.00000000099999999873 0.00000000099999999873 0.00000000099999999873 
0.00000000099999999906 0.00000000099999999906 0.00000000099999999906 0.00000000099999999906 0.00000000099999999906 0.00000000099999999906 0.00000000099999999906 0.00000000099999999906 0.99999998800000000632 0.00000000099999999906 0.00000000099999999906 0.00000000099999999906 0.00000000099999999906 
0.00000000099999999888 0.00000000099999999888 0.00000000099999999888 0.00000000099999999888 0.00000000099999999888 0.00000000099999999888 0.00000000099999999888 0.00000000099999999888 0.99999998799999989529 0.00000000099999999888 0.00000000099999999888 0.00000000099999999888 0.00000000099999999888 
0.00000000099999999969 0.00000000099999999969 0.00000000099999999969 0.00000000099999999969 0.00000000099999999969 0.00000000099999999969 0.00000000099999999969 0.00000000099999999969 0.46960732248202263772 0.00000000099999999969 0.53039266651797734031 0.00000000099999999969 0.00000000099999999969 
0.00000000099999999956 0.00104949017541654125 0.00000000099999999956 0.00000000099999999956 0.00000000099999999956 0.00000000099999999956 0.00000000099999999956 0.00000000099999999956 0.60839760640713047568 0.00000000099999999956 0.39055289341745319520 0.00000000099999999956 0.00000000099999999956 
0.00000000099999999957 0.07185854790999968156 0.00000000099999999957 0.00000000099999999957 0.00000000099999999957 0.00000000099999999957 0.00000000099999999957 0.00000000099999999957 0.92318943246594131757 0.00000000099999999957 0.00495200962405922731 0.00000000099999999957 0.00000000099999999957 
0.00000000099999999939 0.00000000099999999939 0.00000000099999999939 0.00000000099999999939 0.00000000099999999939 0.00000000099999999939 0.00000000099999999939 0.00000000099999999939 0.72665912150486056120 0.00000000099999999939 0.27334086749513952785 0.00000000099999999939 0.00000000099999999939 
0.00000000099999999899 0.00000000099999999899 0.00000000099999999899 0.00000000099999999899 0.00000000099999999899 0.00000000099999999899 0.00000000099999999899 0.00000000099999999899 0.99999998799999989529 0.00000000099999999899 0.00000000099999999899 0.00000000099999999899 0.00000000099999999899 
0.00000000099999999974 0.05458877714471259412 0.00000000099999999974 0.00000000099999999974 0.00000000099999999974 0.00000000099999999974 0.00000000099999999974 0.00000000099999999974 0.79408345902754540191 0.00000000099999999974 0.15132775382774199535 0.00000000099999999974 0.00000000099999999974 
0.00000000099999999951 0.04213217104428823578 0.00000000099999999951 0.00000000099999999951 0.00000000099999999951 0.00000000099999999951 0.00000000099999999951 0.00000000099999999951 0.83745180923988860044 0.00000000099999999951 0.12041600971582311352 0.00000000099999999951 0.00000000099999999951 
0.00000000099999999954 0.08727348583460529940 0.00000000099999999954 0.00000000099999999954 0.00000000099999999954 0.00000000099999999954 0.00000000099999999954 0.00000000099999999954 0.20958984809005287708 0.00000000099999999954 0.70313665607534181490 0.00000000099999999954 0.00000000099999999954 
0.00000000099999999991 0.22244026042127987286 0.00000000099999999991 0.00000000099999999991 0.00000000099999999991 0.00000000099999999991 0.05764959782802135668 0.00000000099999999991 0.16635113701842077494 0.00000000099999999991 0.54959535835611439403 0.00396363837616353284 0.00000000099999999991 
0.00000000099999999971 0.08751441586776077808 0.00000000099999999971 0.00000000099999999971 0.00000000099999999971 0.00000000099999999971 0.00000000099999999971 0.00000000099999999971 0.14321915302421456273 0.00000000099999999971 0.76926642110802478935 0.00000000099999999971 0.00000000099999999971 
0.00000000099999999959 0.71749739742595852743 0.00000000099999999959 0.00000000099999999959 0.00000000099999999959 0.00000000099999999959 0.00000000099999999959 0.00000000099999999959 0.00000000099999999959 0.00000000099999999959 0.28250259157404183918 0.00000000099999999959 0.00000000099999999959 
0.00000000099999999987 0.15583415693483143594 0.00000000099999999987 0.00000000099999999987 0.00000000099999999987 0.00000000099999999987 0.00000000099999999987 0.00000000099999999987 0.06499962067078257633 0.04392688842341602173 0.73523932497096999850 0.00000000099999999987 0.00000000099999999987 
0.00000000099999999946 0.60967084450716813038 0.00000000099999999946 0.00000000099999999946 0.00000000099999999946 0.00000000099999999946 0.00000000099999999946 0.00000000099999999946 0.03508994063988313261 0.00000000099999999946 0.35523920485294896432 0.00000000099999999946 0.00000000099999999946 
0.01095234885613392307 0.06101654614550630629 0.00000000099999999982 0.00000000099999999982 0.00000000099999999982 0.00000000099999999982 0.00000000099999999982 0.00000000099999999982 0.13068320200324065605 0.00000000099999999982 0.79734789399511918351 0.00000000099999999982 0.00000000099999999982 
0.00000000099999999883 0.99999998800000011734 0.00000000099999999883 0.00000000099999999883 0.00000000099999999883 0.00000000099999999883 0.00000000099999999883 0.00000000099999999883 0.00000000099999999883 0.00000000099999999883 0.00000000099999999883 0.00000000099999999883 0.00000000099999999883 
0.00000000099999999980 0.06466061385813884343 0.00000000099999999980 0.00000000099999999980 0.00000000099999999980 0.00000000099999999980 0.00000000099999999980 0.00000000099999999980 0.15641063533759966275 0.00000000099999999980 0.77892874080426155459 0.00000000099999999980 0.00000000099999999980 
0.00000000099999999952 0.75214988089603018739 0.00000000099999999952 0.00000000099999999952 0.00000000099999999952 0.00000000099999999952 0.00000000099999999952 0.00000000099999999952 0.04502338730472685291 0.00000000099999999952 0.20282672179924327027 0.00000000099999999952 0.00000000099999999952 
0.00000000099999999958 0.70255664369626469323 0.00000000099999999958 0.00000000099999999958 0.00000000099999999958 0.00000000099999999958 0.00000000099999999958 0.00000000099999999958 0.02639216560659185876 0.00000000099999999958 0.27105118069714378981 0.00000000099999999958 0.00000000099999999958 
0.00000000099999999875 0.99999998800000011734 0.00000000099999999875 0.00000000099999999875 0.00000000099999999875 0.00000000099999999875 0.00000000099999999875 0.00000000099999999875 0.00000000099999999875 0.00000000099999999875 0.00000000099999999875 0.00000000099999999875 0.00000000099999999875 
0.00000000099999999883 0.99999998800000022836 0.00000000099999999883 0.00000000099999999883 0.00000000099999999883 0.00000000099999999883 0.00000000099999999883 0.00000000099999999883 0.00000000099999999883 0.00000000099999999883 0.00000000099999999883 0.00000000099999999883 0.00000000099999999883 
0.00000000099999999873 0.99999998800000022836 0.00000000099999999873 0.00000000099999999873 0.00000000099999999873 0.00000000099999999873 0.00000000099999999873 0.00000000099999999873 0.00000000099999999873 0.00000000099999999873 0.00000000099999999873 0.00000000099999999873 0.00000000099999999873 
0.00000000099999999990 0.14549274131043349323 0.00000000099999999990 0.00000000099999999990 0.00000000099999999990 0.00000000099999999990 0.00000000099999999990 0.04847525845885027745 0.10708188145831212812 0.00000000099999999990 0.69895010977240401573 0.00000000099999999990 0.00000000099999999990 
0.00000000099999999897 0.99999998800000011734 0.00000000099999999897 0.00000000099999999897 0.00000000099999999897 0.00000000099999999897 0.00000000099999999897 0.00000000099999999897 0.00000000099999999897 0.00000000099999999897 0.00000000099999999897 0.00000000099999999897 0.00000000099999999897 
0.00000000099999999981 0.21577085771244838841 0.00000000099999999981 0.00000000099999999981 0.00000000099999999981 0.00000000099999999981 0.00000000099999999981 0.00000000099999999981 0.15188137188807820932 0.03468449118104360851 0.59766327021842979850 0.00000000099999999981 0.00000000099999999981 
0.00000000099999999941 0.00000000099999999941 0.00000000099999999941 0.00000000099999999941 0.00000000099999999941 0.00000000099999999941 0.00000000099999999941 0.00000000099999999941 0.00000000099999999941 0.00000000099999999941 0.99999998799999989529 0.00000000099999999941 0.00000000099999999941 
0.00000000099999999957 0.00000000099999999957 0.00000000099999999957 0.00000000099999999957 0.00000000099999999957 0.00000000099999999957 0.00000000099999999957 0.00000000099999999957 0.00000000614895405587 0.00000000099999999957 0.99999998285104596540 0.00000000099999999957 0.00000000099999999957 
0.00000000099999999957 0.04249217136253133353 0.00000000099999999957 0.00000000099999999957 0.00000000099999999957 0.00000000099999999957 0.00000000099999999957 0.00000000099999999957 0.00837676193992838505 0.00000000099999999957 0.94913105669754016525 0.00000000099999999957 0.00000000099999999957 
0.00000000099999999949 0.00000000099999999949 0.00000000099999999949 0.00000000099999999949 0.00000000099999999949 0.00000000099999999949 0.00000000099999999949 0.00000000099999999949 0.00000000099999999949 0.00000000099999999949 0.99999998800000000632 0.00000000099999999949 0.00000000099999999949 
0.00000000099999999971 0.05242086097820145701 0.00000000099999999971 0.00000000099999999971 0.00000000099999999971 0.00000000099999999971 0.00000000099999999971 0.00000000099999999971 0.14153899980237011347 0.00000000099999999971 0.80604012921942846948 0.00000000099999999971 0.00000000099999999971 
0.00000000099999999972 0.01840680781226041243 0.00000000099999999972 0.00000000099999999972 0.00000000099999999972 0.00000000099999999972 0.00586403202826514362 0.00000000099999999972 0.06226006392621690616 0.00000000099999999972 0.91346908723325748181 0.00000000099999999972 0.00000000099999999972 
0.00000000099999999947 0.00000000099999999947 0.00000000099999999947 0.00000000099999999947 0.00000000099999999947 0.00000000099999999947 0.00000000099999999947 0.00000000099999999947 0.00000000099999999947 0.00000000099999999947 0.99999998799999989529 0.00000000099999999947 0.00000000099999999947 
0.00000000099999999990 0.03768816179307444419 0.02969269961239916211 0.00000000099999999990 0.00000000099999999990 0.00000000099999999990 0.00000000099999999990 0.00000000099999999990 0.08097015426924926429 0.00000000099999999990 0.85164897532527705781 0.00000000099999999990 0.00000000099999999990 
0.00000000099999999936 0.00000000099999999936 0.00000000099999999936 0.00000000099999999936 0.00000000099999999936 0.00000000099999999936 0.00000000099999999936 0.00000000099999999936 0.00000000099999999936 0.00000000099999999936 0.99999998800000000632 0.00000000099999999936 0.00000000099999999936 
