0.00000000099999999952 0.00000000099999999952 0.00000000099999999952 0.99999999599999989108 0.00000000099999999952 
0.00000000099999999960 0.00000000099999999960 0.00000000099999999960 0.99999999599999989108 0.00000000099999999960 
0.00000000099999999954 0.00000000099999999954 0.00000000099999999954 0.99999999599999989108 0.00000000099999999954 
0.00000000099999999984 0.00000000099999999984 0.00000000099999999984 0.99999999600000000211 0.00000000099999999984 
0.00000000099999999986 0.00000000099999999986 0.00000000099999999986 0.99999999599999989108 0.00000000099999999986 
0.00000000099999999986 0.00000000099999999986 0.00000000099999999986 0.99999999599999989108 0.00000000099999999986 
0.00000000099999999957 0.00000000099999999957 0.00000000099999999957 0.99999999600000000211 0.00000000099999999957 
0.00000000099999999963 0.00000000099999999963 0.00000000099999999963 0.99999999599999989108 0.00000000099999999963 
0.00000000099999999958 0.00000000099999999958 0.00000000099999999958 0.99999999599999989108 0.00000000099999999958 
0.00000000099999999959 0.00000000099999999959 0.00000000099999999959 0.99999999599999989108 0.00000000099999999959 
0.00000000099999999956 0.00000000099999999956 0.00000000099999999956 0.99999999599999989108 0.00000000099999999956 
0.00000000099999999961 0.00000000099999999961 0.00000000099999999961 0.99999999599999989108 0.00000000099999999961 
0.02238084547392519760 0.00000000099999999991 0.00000000099999999991 0.97761915152607470336 0.00000000099999999991 
0.00000000099999999980 0.00000000099999999980 0.00000000099999999980 0.99999999599999989108 0.00000000099999999980 
0.00000000099999999983 0.00000000099999999983 0.00000000099999999983 0.99999999599999989108 0.00000000099999999983 
0.00000000099999999979 0.00000000099999999979 0.00000000099999999979 0.99999999600000000211 0.00000000099999999979 
0.00000000099999999983 0.00000000099999999983 0.00000000099999999983 0.99999999600000000211 0.00000000099999999983 
0.00000000099999999986 0.00000000099999999986 0.00000000099999999986 0.99999999600000000211 0.00000000099999999986 
0.00000000099999999958 0.00000000099999999958 0.00000000099999999958 0.99999999600000000211 0.00000000099999999958 
0.00000000099999999983 0.00000000099999999983 0.00000000099999999983 0.99999999599999989108 0.00000000099999999983 
0.00000000099999999960 0.00000000099999999960 0.00000000099999999960 0.99999999600000000211 0.00000000099999999960 
0.00000000099999999985 0.00000000099999999985 0.00000000099999999985 0.99999999599999989108 0.00000000099999999985 
0.00000000099999999961 0.00000000099999999961 0.00000000099999999961 0.99999999600000000211 0.00000000099999999961 
0.00000000099999999976 0.00000000099999999976 0.00000000099999999976 0.99999999600000000211 0.00000000099999999976 
0.00000000099999999954 0.00000000099999999954 0.00000000099999999954 0.99999999599999989108 0.00000000099999999954 
0.00000000099999999991 0.00000000099999999991 0.00000000099999999991 0.99999999599999989108 0.00000000099999999991 
0.00000000099999999955 0.00000000099999999955 0.00000000099999999955 0.99999999599999989108 0.00000000099999999955 
0.00000000099999999960 0.00000000099999999960 0.00000000099999999960 0.99999999599999989108 0.00000000099999999960 
0.00000000099999999957 0.00000000099999999957 0.00000000099999999957 0.99999999600000000211 0.00000000099999999957 
0.00000000099999999960 0.00000000099999999960 0.00000000099999999960 0.99999999600000000211 0.00000000099999999960 
0.00000000099999999968 0.00000000099999999968 0.00000000099999999968 0.99999999599999989108 0.00000000099999999968 
0.00000000099999999962 0.00000000099999999962 0.00000000099999999962 0.99999999599999989108 0.00000000099999999962 
0.00000000099999999965 0.00000000099999999965 0.00000000099999999965 0.99999999600000000211 0.00000000099999999965 
0.00000000099999999981 0.00000000099999999981 0.00000000099999999981 0.99999999599999989108 0.00000000099999999981 
0.00000000099999999973 0.00000000099999999973 0.00000000099999999973 0.99999999600000000211 0.00000000099999999973 
0.00000000099999999963 0.00000000099999999963 0.00000000099999999963 0.99999999600000000211 0.00000000099999999963 
0.00000000099999999961 0.00000000099999999961 0.00000000099999999961 0.99999999600000000211 0.00000000099999999961 
0.00000000099999999963 0.00000000099999999963 0.00000000099999999963 0.99999999600000000211 0.00000000099999999963 
0.00000000099999999961 0.00000000099999999961 0.00000000099999999961 0.00000000099999999961 0.99999999599999989108 
0.00000000099999999964 0.00000000099999999964 0.00000000099999999964 0.00000000099999999964 0.99999999599999989108 
0.00000000099999999995 0.24018345800930543388 0.00033760707879622597 0.00000000099999999995 0.75947893291189827458 
0.00000000099999999972 0.00000000099999999972 0.00000000099999999972 0.00000000099999999972 0.99999999599999989108 
0.00000000099999999960 0.00000000099999999960 0.00000000099999999960 0.00000000099999999960 0.99999999600000000211 
0.00000000099999999964 0.00000000099999999964 0.00000000099999999964 0.00000000099999999964 0.99999999599999989108 
0.00000000099999999967 0.00000000099999999967 0.00000000099999999967 0.00000000099999999967 0.99999999599999989108 
0.00000000099999999962 0.00000000099999999962 0.00000000099999999962 0.00000000099999999962 0.99999999599999989108 
0.00000000099999999964 0.00000000099999999964 0.00000000099999999964 0.00000000099999999964 0.99999999599999989108 
0.00000000099999999998 0.22307554846968535855 0.03993230286770094173 0.00000000099999999998 0.73699214666261370077 
0.00000000099999999965 0.00000000099999999965 0.00000000099999999965 0.00000000099999999965 0.99999999599999989108 
0.00000000099999999966 0.00000000099999999966 0.00000000099999999966 0.00000000099999999966 0.99999999599999989108 
0.00000000099999999970 0.00000000099999999970 0.00000000099999999970 0.00000000099999999970 0.99999999599999989108 
0.00000000099999999971 0.00000000099999999971 0.00000000099999999971 0.00000000099999999971 0.99999999599999989108 
0.00000000099999999972 0.00000000099999999972 0.00000000099999999972 0.00000000099999999972 0.99999999600000000211 
0.00000000099999999965 0.00000000099999999965 0.00000000099999999965 0.00000000099999999965 0.99999999599999989108 
0.00000000099999999967 0.00000000099999999967 0.00000000099999999967 0.00000000099999999967 0.99999999599999989108 
0.00000000099999999974 0.00000000099999999974 0.00000000099999999974 0.00000000099999999974 0.99999999599999989108 
0.00000000099999999975 0.00000000099999999975 0.00000000099999999975 0.00000000099999999975 0.99999999600000000211 
0.08188147762840822241 0.36670748747313680616 0.18352630160098346024 0.03103582863222712623 0.33684890466524447517 
0.14313992835897099143 0.39169581252656698878 0.10736789069179338008 0.00000000099999999999 0.35779636742266851535 
0.12992401984737247944 0.39968619320883497226 0.14857461180072392692 0.00000000099999999998 0.32181517414306859415 
0.14617477635235329170 0.44587539687120508747 0.08303128269882310841 0.00000000099999999999 0.32491854307761863785 
0.07314348638085095555 0.44411178772555481853 0.13062629083377452766 0.01093349533586852364 0.34118493972395125269 
0.10613012482198345976 0.40704737774979377063 0.09905434978163162041 0.00000000099999999999 0.38776814664659120524 
0.14667164303439669815 0.38347940716568279518 0.14925261643335224759 0.00000000099999999999 0.32059633236656820410 
0.10741349566091722145 0.40716536174440476348 0.14148616179637410473 0.01683326488581515790 0.32710171591248865530 
0.09318385382009938822 0.55211156518059789633 0.03856974532513222920 0.00000000100000000000 0.31613483467417058392 
0.05368967289229961692 0.59460490321484660292 0.00016200761061027223 0.00000000099999999999 0.35154341528224347657 
0.07986124576694865473 0.41898984142834228006 0.12520305157776301375 0.02706086421554085297 0.34888499701140524012 
0.08951409948714664222 0.41105295041128636635 0.09928189646259893975 0.00000000099999999998 0.40015105263896805221 
0.06978712244485471561 0.55128814941084802737 0.00599540826943947662 0.00000000099999999998 0.37292931887485791798 
0.08235707701632048738 0.60120545602468311586 0.00756501950211989869 0.02295263238672707110 0.28591981507014946340 
0.05209699561217139008 0.56144827339796221644 0.01288444570614582715 0.00000000099999999998 0.37357028428372057727 
0.08431432717607821592 0.56151205162087169942 0.00447344883687209819 0.00671181165165432667 0.34298836071452371010 
0.04029622676207442883 0.55608023242931514663 0.01042575631827436823 0.00000000099999999999 0.39319778349033607245 
0.99999999600000011313 0.00000000099999999991 0.00000000099999999991 0.00000000099999999991 0.00000000099999999991 
0.99999999600000011313 0.00000000099999999983 0.00000000099999999983 0.00000000099999999983 0.00000000099999999983 
0.99999999600000011313 0.00000000099999999988 0.00000000099999999988 0.00000000099999999988 0.00000000099999999988 
0.99999998843162618556 0.00000000099999999993 0.00000000099999999993 0.00000000856837395241 0.00000000099999999993 
0.99999999600000000211 0.00000000099999999984 0.00000000099999999984 0.00000000099999999984 0.00000000099999999984 
0.98670253054716183794 0.00000000099999999993 0.00000000099999999993 0.01329746645283814109 0.00000000099999999993 
0.99999999600000011313 0.00000000099999999990 0.00000000099999999990 0.00000000099999999990 0.00000000099999999990 
0.99999999600000011313 0.00000000099999999992 0.00000000099999999992 0.00000000099999999992 0.00000000099999999992 
0.99999999600000011313 0.00000000099999999980 0.00000000099999999980 0.00000000099999999980 0.00000000099999999980 
0.99706376112369965448 0.00000000099999999990 0.00000000099999999990 0.00293623587630035578 0.00000000099999999990 
0.98002634941057198414 0.00000000099999999997 0.00000000099999999997 0.01997364758942794111 0.00000000099999999997 
0.99444517052335856810 0.00000000099999999996 0.00000000099999999996 0.00000000099999999996 0.00555482647664145863 
0.99999999600000011313 0.00000000099999999991 0.00000000099999999991 0.00000000099999999991 0.00000000099999999991 
0.99999999600000011313 0.00000000099999999983 0.00000000099999999983 0.00000000099999999983 0.00000000099999999983 
0.99999999600000011313 0.00000000099999999984 0.00000000099999999984 0.00000000099999999984 0.00000000099999999984 
0.99168650234621491535 0.00831349465378510531 0.00000000099999999996 0.00000000099999999996 0.00000000099999999996 
0.99999999600000000211 0.00000000099999999979 0.00000000099999999979 0.00000000099999999979 0.00000000099999999979 
0.99999999600000000211 0.00000000099999999985 0.00000000099999999985 0.00000000099999999985 0.00000000099999999985 
0.99999999600000011313 0.00000000099999999994 0.00000000099999999994 0.00000000099999999994 0.00000000099999999994 
0.99999999600000000211 0.00000000099999999972 0.00000000099999999972 0.00000000099999999972 0.00000000099999999972 
0.99999999600000011313 0.00000000099999999980 0.00000000099999999980 0.00000000099999999980 0.00000000099999999980 
0.99999999600000000211 0.00000000099999999972 0.00000000099999999972 0.00000000099999999972 0.00000000099999999972 
0.99999999600000011313 0.00000000099999999979 0.00000000099999999979 0.00000000099999999979 0.00000000099999999979 
0.99999999600000011313 0.00000000099999999971 0.00000000099999999971 0.00000000099999999971 0.00000000099999999971 
0.99999999600000000211 0.00000000099999999971 0.00000000099999999971 0.00000000099999999971 0.00000000099999999971 
0.99999999600000000211 0.00000000099999999971 0.00000000099999999971 0.00000000099999999971 0.00000000099999999971 
0.99999999600000011313 0.00000000099999999987 0.00000000099999999987 0.00000000099999999987 0.00000000099999999987 
0.99999999600000011313 0.00000000099999999978 0.00000000099999999978 0.00000000099999999978 0.00000000099999999978 
0.99999999600000011313 0.00000000099999999977 0.00000000099999999977 0.00000000099999999977 0.00000000099999999977 
0.99999999600000000211 0.00000000099999999977 0.00000000099999999977 0.00000000099999999977 0.00000000099999999977 
0.99999999600000000211 0.00000000099999999975 0.00000000099999999975 0.00000000099999999975 0.00000000099999999975 
0.99999999600000011313 0.00000000099999999990 0.00000000099999999990 0.00000000099999999990 0.00000000099999999990 
0.99999999600000000211 0.00000000099999999977 0.00000000099999999977 0.00000000099999999977 0.00000000099999999977 
0.99999999600000011313 0.00000000099999999982 0.00000000099999999982 0.00000000099999999982 0.00000000099999999982 
0.93678699240564655693 0.00000000099999999998 0.02508313845309642978 0.03812986714125710108 0.00000000099999999998 
0.99999999600000000211 0.00000000099999999989 0.00000000099999999989 0.00000000099999999989 0.00000000099999999989 
0.99999999600000011313 0.00000000099999999991 0.00000000099999999991 0.00000000099999999991 0.00000000099999999991 
0.94206841343689251556 0.00000000099999999999 0.00000000099999999999 0.04420770352936476827 0.01372388103374276580 
0.99999999600000011313 0.00000000099999999989 0.00000000099999999989 0.00000000099999999989 0.00000000099999999989 
0.99137291008078198828 0.00000036031602128055 0.00000000099999999997 0.00000000099999999997 0.00862672760319677101 
0.99999999600000000211 0.00000000099999999983 0.00000000099999999983 0.00000000099999999983 0.00000000099999999983 
0.99999999600000000211 0.00000000099999999995 0.00000000099999999995 0.00000000099999999995 0.00000000099999999995 
0.99999999600000011313 0.00000000099999999994 0.00000000099999999994 0.00000000099999999994 0.00000000099999999994 
0.99999999600000011313 0.00000000099999999989 0.00000000099999999989 0.00000000099999999989 0.00000000099999999989 
0.99999999600000011313 0.00000000099999999983 0.00000000099999999983 0.00000000099999999983 0.00000000099999999983 
0.99999999600000011313 0.00000000099999999990 0.00000000099999999990 0.00000000099999999990 0.00000000099999999990 
0.99999999600000000211 0.00000000099999999981 0.00000000099999999981 0.00000000099999999981 0.00000000099999999981 
0.95002806386394089699 0.03408788078948487427 0.00000000099999999998 0.00000000099999999998 0.01588405334657418469 
0.99999999600000011313 0.00000000099999999987 0.00000000099999999987 0.00000000099999999987 0.00000000099999999987 
0.98010071390469011288 0.00000000099999999997 0.00000000099999999997 0.01989928309530992687 0.00000000099999999997 
0.99999999600000000211 0.00000000099999999984 0.00000000099999999984 0.00000000099999999984 0.00000000099999999984 
0.99999999600000000211 0.00000000099999999989 0.00000000099999999989 0.00000000099999999989 0.00000000099999999989 
0.99999999600000000211 0.00000000099999999988 0.00000000099999999988 0.00000000099999999988 0.00000000099999999988 
0.99999999600000011313 0.00000000099999999987 0.00000000099999999987 0.00000000099999999987 0.00000000099999999987 
0.99999999600000000211 0.00000000099999999991 0.00000000099999999991 0.00000000099999999991 0.00000000099999999991 
0.98869648270725685180 0.00000000099999999994 0.00000000099999999994 0.01130351429274323652 0.00000000099999999994 
0.99999999600000000211 0.00000000099999999989 0.00000000099999999989 0.00000000099999999989 0.00000000099999999989 
0.96030026566485982009 0.00000000099999999996 0.00000000099999999996 0.00000000099999999996 0.03969973133514034108 
0.99999999600000000211 0.00000000099999999983 0.00000000099999999983 0.00000000099999999983 0.00000000099999999983 
0.99999999600000011313 0.00000000099999999978 0.00000000099999999978 0.00000000099999999978 0.00000000099999999978 
0.99999999600000000211 0.00000000099999999987 0.00000000099999999987 0.00000000099999999987 0.00000000099999999987 
0.99999999600000011313 0.00000000099999999988 0.00000000099999999988 0.00000000099999999988 0.00000000099999999988 
0.99999999600000011313 0.00000000099999999993 0.00000000099999999993 0.00000000099999999993 0.00000000099999999993 
0.03211895593301362928 0.61771398252008358210 0.29668602030097646072 0.00000000099999999999 0.05348104024592633537 
0.00000000099999999997 0.73387498034304088357 0.18697172264856973256 0.00000000099999999997 0.07915329500838932941 
0.02779895615821205077 0.69956160221455387926 0.24753348735403490899 0.00000000099999999998 0.02510595327319912334 
0.00000000099999999993 0.84928764229862330204 0.10641518329217775074 0.00000000099999999993 0.04429717240919910093 
0.13757601444029748938 0.65651568664197990088 0.15587711560376057984 0.00000000099999999999 0.05003118231396211368 
0.05265250609636552143 0.70674825989492240375 0.16726703126005720845 0.00000000099999999996 0.07333220174865491547 
0.03858532583236573554 0.70423616692482116086 0.19408078394803809918 0.00000003171136310759 0.06309769158341184403 
0.04438136181124290730 0.70766340623142709454 0.24138318809550754485 0.00000000099999999998 0.00657204286182242955 
0.00000000099999999993 0.87671021027280648941 0.09909654098039880066 0.00000000099999999993 0.02419324674679480466 
0.00000000099999999992 0.89844903805905051986 0.10131597461322812415 0.00000000099999999992 0.00023498532772155768 
0.01526155752340429064 0.85834630170634340640 0.12638037668662222002 0.00000000099999999998 0.00001176308363010947 
0.00000000099999999996 0.87731508254978052275 0.10529442841688249621 0.00000000099999999996 0.01739048703333701332 
0.07572173073907165208 0.80132222053919910376 0.12294877726413756813 0.00000000099999999997 0.00000727045759173399 
0.00000000099999999992 0.93754328101973372078 0.06243672703453879980 0.00000000099999999992 0.00001998994572765543 
0.03802291456237275741 0.76552174666034444872 0.16269234085363498687 0.00000000099999999997 0.03376299692364803651 
0.05354673699806278275 0.80672767658373656374 0.10027549283624412335 0.00000000099999999995 0.03945009258195649599 
0.00000000099999999989 0.91172343748259043750 0.07040381438742976394 0.00000000099999999989 0.01787274612997974757 
0.02108218420189005710 0.73094224047833800118 0.22879497764731021592 0.00000000099999999997 0.01918059667246168123 
0.00000000099999999995 0.82116926325081740501 0.14327467813766461835 0.00000000099999999995 0.03555605661151816504 
0.00000000099999999991 0.86048885789389240042 0.11815176626243811819 0.00000000099999999991 0.02135937384366961428 
0.00000000099999999966 0.00000000099999999966 0.99999999599999989108 0.00000000099999999966 0.00000000099999999966 
0.00000000099999999962 0.00000000099999999962 0.99999999599999989108 0.00000000099999999962 0.00000000099999999962 
0.00000000099999999980 0.00000000099999999980 0.99999999599999989108 0.00000000099999999980 0.00000000099999999980 
0.00000000099999999978 0.00000000099999999978 0.99999999599999989108 0.00000000099999999978 0.00000000099999999978 
0.00000000099999999986 0.19781425363684340679 0.80218574336315662254 0.00000000099999999986 0.00000000099999999986 
0.00000000099999999966 0.00000000099999999966 0.99999999600000000211 0.00000000099999999966 0.00000000099999999966 
0.00000000099999999980 0.09428838116479189291 0.90571161583520809479 0.00000000099999999980 0.00000000099999999980 
0.00000000099999999962 0.00000000099999999962 0.99999999599999989108 0.00000000099999999962 0.00000000099999999962 
0.00000000099999999975 0.00000000099999999975 0.99999999600000000211 0.00000000099999999975 0.00000000099999999975 
0.00000000099999999966 0.00000000099999999966 0.99999999600000000211 0.00000000099999999966 0.00000000099999999966 
0.00000000099999999968 0.00000000099999999968 0.99999999600000000211 0.00000000099999999968 0.00000000099999999968 
0.00000000099999999981 0.00000000099999999981 0.99999999599999989108 0.00000000099999999981 0.00000000099999999981 
0.00000000099999999964 0.00000000099999999964 0.99999999599999989108 0.00000000099999999964 0.00000000099999999964 
0.00000000099999999986 0.23428541490068152675 0.76571458209931853034 0.00000000099999999986 0.00000000099999999986 
0.00000000099999999984 0.04277908066237080809 0.95722091633762929064 0.00000000099999999984 0.00000000099999999984 
0.00000000099999999972 0.00000000099999999972 0.99999999599999989108 0.00000000099999999972 0.00000000099999999972 
0.00000000099999999958 0.00000000099999999958 0.99999999599999989108 0.00000000099999999958 0.00000000099999999958 
0.00000000099999999963 0.00000000099999999963 0.99999999599999989108 0.00000000099999999963 0.00000000099999999963 
0.00000000099999999976 0.00000000099999999976 0.99999999600000000211 0.00000000099999999976 0.00000000099999999976 
0.00000000099999999996 0.10984021051052304807 0.89015978648947691187 0.00000000099999999996 0.00000000099999999996 
0.00000000099999999983 0.84868377920356563582 0.15131621779643431025 0.00000000099999999983 0.00000000099999999983 
0.00000000099999999986 0.84596677414786103366 0.15403322285213905118 0.00000000099999999986 0.00000000099999999986 
0.00000000099999999985 0.83094269082341609689 0.16905730617658384918 0.00000000099999999985 0.00000000099999999985 
0.00000000099999999973 0.99999999600000000211 0.00000000099999999973 0.00000000099999999973 0.00000000099999999973 
0.00000000099999999987 0.92853613190618533579 0.07146386509381479069 0.00000000099999999987 0.00000000099999999987 
0.00000000099999999972 0.99999999600000000211 0.00000000099999999972 0.00000000099999999972 0.00000000099999999972 
0.00000000099999999982 0.99999999600000000211 0.00000000099999999982 0.00000000099999999982 0.00000000099999999982 
0.00000000099999999974 0.99999999600000000211 0.00000000099999999974 0.00000000099999999974 0.00000000099999999974 
0.00000000099999999978 0.99999999600000000211 0.00000000099999999978 0.00000000099999999978 0.00000000099999999978 
0.00000000099999999978 0.99999999600000000211 0.00000000099999999978 0.00000000099999999978 0.00000000099999999978 
0.00000000099999999975 0.99999999600000000211 0.00000000099999999975 0.00000000099999999975 0.00000000099999999975 
0.00000000099999999971 0.99999999600000000211 0.00000000099999999971 0.00000000099999999971 0.00000000099999999971 
0.00000000099999999982 0.99999999600000000211 0.00000000099999999982 0.00000000099999999982 0.00000000099999999982 
0.00000000099999999974 0.99999999600000011313 0.00000000099999999974 0.00000000099999999974 0.00000000099999999974 
0.00000000099999999981 0.99999999600000000211 0.00000000099999999981 0.00000000099999999981 0.00000000099999999981 
0.00000000099999999975 0.99999999600000011313 0.00000000099999999975 0.00000000099999999975 0.00000000099999999975 
0.00000000099999999976 0.99999999600000000211 0.00000000099999999976 0.00000000099999999976 0.00000000099999999976 
0.00000000099999999981 0.79786400161699078115 0.20213599538300919267 0.00000000099999999981 0.00000000099999999981 
0.00000000099999999974 0.99999999600000000211 0.00000000099999999974 0.00000000099999999974 0.00000000099999999974 
0.00000000099999999970 0.99999999600000011313 0.00000000099999999970 0.00000000099999999970 0.00000000099999999970 
0.00000000099999999985 0.99999999600000011313 0.00000000099999999985 0.00000000099999999985 0.00000000099999999985 
0.00000000099999999986 0.99999991145722255670 0.00000008554277751842 0.00000000099999999986 0.00000000099999999986 
0.00000000099999999982 0.99999999600000011313 0.00000000099999999982 0.00000000099999999982 0.00000000099999999982 
0.00000000099999999986 0.98738629894387164310 0.01261369805612847297 0.00000000099999999986 0.00000000099999999986 
0.00000000099999999988 0.99999999600000000211 0.00000000099999999988 0.00000000099999999988 0.00000000099999999988 
0.00000000099999999991 0.94546240789993052367 0.05453758910006950567 0.00000000099999999991 0.00000000099999999991 
0.00000000099999999992 0.99999999600000011313 0.00000000099999999992 0.00000000099999999992 0.00000000099999999992 
0.00000000099999999991 0.99999954915505406827 0.00000044784494589359 0.00000000099999999991 0.00000000099999999991 
0.00000000099999999985 0.99999999600000000211 0.00000000099999999985 0.00000000099999999985 0.00000000099999999985 
0.00000000099999999987 0.99999999600000000211 0.00000000099999999987 0.00000000099999999987 0.00000000099999999987 
0.00000000099999999995 0.80445767294888026466 0.19190141201395413684 0.00000000099999999995 0.00364091303716572055 
0.00000000099999999984 0.86203252121936402297 0.13796747578063603412 0.00000000099999999984 0.00000000099999999984 
0.00000000099999999985 0.84228362594054106971 0.15771637105945893187 0.00000000099999999985 0.00000000099999999985 
0.00000000099999999985 0.85217772460144003421 0.14782227239856005063 0.00000000099999999985 0.00000000099999999985 
0.00000000099999999986 0.86872383357087079592 0.13127616342912926117 0.00000000099999999986 0.00000000099999999986 
0.00000000099999999990 0.86571147488865740627 0.13428852211134267858 0.00000000099999999990 0.00000000099999999990 
0.00000000099999999986 0.83814983986797664262 0.16185015713202349774 0.00000000099999999986 0.00000000099999999986 
0.00000000099999999994 0.78986691747077886205 0.21013307952922130606 0.00000000099999999994 0.00000000099999999994 
0.00000001966313305396 0.80874571987104759696 0.19074965560055126557 0.00000000099999999999 0.00050460386526829664 
