0.00000000099999999954 0.00000000099999999954 0.00000000099999999954 0.99999999499999991937 0.00000000099999999954 0.00000000099999999954 
0.00000000099999999959 0.00000000099999999959 0.00000000099999999959 0.99999999499999991937 0.00000000099999999959 0.00000000099999999959 
0.00000000099999999955 0.00000000099999999955 0.00000000099999999955 0.99999999499999991937 0.00000000099999999955 0.00000000099999999955 
0.00000000099999999950 0.99999999500000014141 0.00000000099999999950 0.00000000099999999950 0.00000000099999999950 0.00000000099999999950 
0.00000000099999999941 0.99999999500000014141 0.00000000099999999941 0.00000000099999999941 0.00000000099999999941 0.00000000099999999941 
0.00000000099999999950 0.99999999500000003039 0.00000000099999999950 0.00000000099999999950 0.00000000099999999950 0.00000000099999999950 
0.00000000099999999954 0.00000000099999999954 0.00000000099999999954 0.99999999499999991937 0.00000000099999999954 0.00000000099999999954 
0.00000000099999999958 0.00000000099999999958 0.00000000099999999958 0.99999999500000003039 0.00000000099999999958 0.00000000099999999958 
0.00000000099999999955 0.00000000099999999955 0.00000000099999999955 0.99999999500000003039 0.00000000099999999955 0.00000000099999999955 
0.00000000099999999956 0.00000000099999999956 0.00000000099999999956 0.99999999499999991937 0.00000000099999999956 0.00000000099999999956 
0.00000000099999999955 0.00000000099999999955 0.00000000099999999955 0.99999999500000003039 0.00000000099999999955 0.00000000099999999955 
0.00000000099999999956 0.00000000099999999956 0.00000000099999999956 0.99999999500000003039 0.00000000099999999956 0.00000000099999999956 
0.00000000099999999950 0.99999999500000003039 0.00000000099999999950 0.00000000099999999950 0.00000000099999999950 0.00000000099999999950 
0.00000000099999999939 0.99999999500000003039 0.00000000099999999939 0.00000000099999999939 0.00000000099999999939 0.00000000099999999939 
0.00000000099999999947 0.99999999500000014141 0.00000000099999999947 0.00000000099999999947 0.00000000099999999947 0.00000000099999999947 
0.00000000099999999948 0.99999999500000003039 0.00000000099999999948 0.00000000099999999948 0.00000000099999999948 0.00000000099999999948 
0.00000000099999999946 0.99999999500000003039 0.00000000099999999946 0.00000000099999999946 0.00000000099999999946 0.00000000099999999946 
0.00000000099999999945 0.99999999500000003039 0.00000000099999999945 0.00000000099999999945 0.00000000099999999945 0.00000000099999999945 
0.00000000099999999952 0.00000000099999999952 0.00000000099999999952 0.99999999499999991937 0.00000000099999999952 0.00000000099999999952 
0.00000000099999999982 0.34336566091399478573 0.00000000099999999982 0.65663433508600521638 0.00000000099999999982 0.00000000099999999982 
0.00000000099999999953 0.00000000099999999953 0.00000000099999999953 0.99999999499999991937 0.00000000099999999953 0.00000000099999999953 
0.00000000099999999983 0.33743094645233773221 0.00000000099999999983 0.66256904954766226989 0.00000000099999999983 0.00000000099999999983 
0.00000000099999999951 0.00000000099999999951 0.00000000099999999951 0.99999999499999991937 0.00000000099999999951 0.00000000099999999951 
0.00000000099999999969 0.00000000099999999969 0.00000000099999999969 0.99999999500000003039 0.00000000099999999969 0.00000000099999999969 
0.00000000099999999947 0.00000000099999999947 0.00000000099999999947 0.99999999500000003039 0.00000000099999999947 0.00000000099999999947 
0.00000000099999999985 0.37692505561718692153 0.00000000099999999985 0.62307494038281308057 0.00000000099999999985 0.00000000099999999985 
0.00000000099999999947 0.00000000099999999947 0.00000000099999999947 0.99999999499999991937 0.00000000099999999947 0.00000000099999999947 
0.00000000099999999955 0.00000000099999999955 0.00000000099999999955 0.99999999500000003039 0.00000000099999999955 0.00000000099999999955 
0.00000000099999999950 0.00000000099999999950 0.00000000099999999950 0.99999999500000003039 0.00000000099999999950 0.00000000099999999950 
0.00000000099999999951 0.00000000099999999951 0.00000000099999999951 0.99999999499999991937 0.00000000099999999951 0.00000000099999999951 
0.00000000099999999971 0.00000000099999999971 0.00000000099999999971 0.99999999499999991937 0.00000000099999999971 0.00000000099999999971 
0.00000000099999999959 0.00000000099999999959 0.00000000099999999959 0.99999999500000003039 0.00000000099999999959 0.00000000099999999959 
0.00000000099999999960 0.00000000099999999960 0.00000000099999999960 0.99999999500000003039 0.00000000099999999960 0.00000000099999999960 
0.00000000099999999977 0.34177893004622811324 0.00000000099999999977 0.65822106595377194438 0.00000000099999999977 0.00000000099999999977 
0.00000000099999999975 0.00000000099999999975 0.00000000099999999975 0.99999999499999991937 0.00000000099999999975 0.00000000099999999975 
0.00000000099999999959 0.00000000099999999959 0.00000000099999999959 0.99999999500000003039 0.00000000099999999959 0.00000000099999999959 
0.00000000099999999955 0.00000000099999999955 0.00000000099999999955 0.99999999500000003039 0.00000000099999999955 0.00000000099999999955 
0.00000000099999999956 0.00000000099999999956 0.00000000099999999956 0.99999999499999991937 0.00000000099999999956 0.00000000099999999956 
0.00000000099999999949 0.00000000099999999949 0.99999999500000003039 0.00000000099999999949 0.00000000099999999949 0.00000000099999999949 
0.00000000099999999952 0.00000000099999999952 0.99999999499999991937 0.00000000099999999952 0.00000000099999999952 0.00000000099999999952 
0.23804250844350000049 0.00000000099999999992 0.76162522526031561920 0.00000000099999999992 0.00000000099999999992 0.00033226329618452001 
0.00000000099999999963 0.00000000099999999963 0.99999999500000003039 0.00000000099999999963 0.00000000099999999963 0.00000000099999999963 
0.00000000099999999946 0.00000000099999999946 0.99999999500000003039 0.00000000099999999946 0.00000000099999999946 0.00000000099999999946 
0.00000000099999999953 0.00000000099999999953 0.99999999499999991937 0.00000000099999999953 0.00000000099999999953 0.00000000099999999953 
0.00000000099999999956 0.00000000099999999956 0.99999999500000003039 0.00000000099999999956 0.00000000099999999956 0.00000000099999999956 
0.00000000099999999951 0.00000000099999999951 0.99999999500000003039 0.00000000099999999951 0.00000000099999999951 0.00000000099999999951 
0.00000000099999999952 0.00000000099999999952 0.99999999499999991937 0.00000000099999999952 0.00000000099999999952 0.00000000099999999952 
0.22396533155466710752 0.00000000099999999997 0.73557890722590701937 0.00000000099999999997 0.00000000099999999997 0.04045575821942589551 
0.00000000099999999953 0.00000000099999999953 0.99999999499999991937 0.00000000099999999953 0.00000000099999999953 0.00000000099999999953 
0.00000000099999999955 0.00000000099999999955 0.99999999499999991937 0.00000000099999999955 0.00000000099999999955 0.00000000099999999955 
0.00000000099999999959 0.00000000099999999959 0.99999999499999991937 0.00000000099999999959 0.00000000099999999959 0.00000000099999999959 
0.00000000099999999961 0.00000000099999999961 0.99999999500000003039 0.00000000099999999961 0.00000000099999999961 0.00000000099999999961 
0.00000000099999999962 0.00000000099999999962 0.99999999499999991937 0.00000000099999999962 0.00000000099999999962 0.00000000099999999962 
0.00000000099999999955 0.00000000099999999955 0.99999999499999991937 0.00000000099999999955 0.00000000099999999955 0.00000000099999999955 
0.00000000099999999956 0.00000000099999999956 0.99999999500000003039 0.00000000099999999956 0.00000000099999999956 0.00000000099999999956 
0.00000000099999999967 0.00000000099999999967 0.99999999500000003039 0.00000000099999999967 0.00000000099999999967 0.00000000099999999967 
0.00000000099999999966 0.00000000099999999966 0.99999999500000003039 0.00000000099999999966 0.00000000099999999966 0.00000000099999999966 
0.36306344410189406169 0.05064480403476330495 0.33211914839522482801 0.00000000099999999999 0.06485424778027713832 0.18931835468784075083 
0.39066953676298682430 0.00254257706232863300 0.35351030882884837414 0.00000000099999999998 0.14162909128203540754 0.11164848506380094240 
0.40180901337230262582 0.00000000099999999996 0.32524597057101911624 0.00000000099999999996 0.13014959985538285259 0.14279541420129543416 
0.44926154352666608505 0.00000000099999999998 0.32155766221435483354 0.00000000099999999998 0.14616798515276080428 0.08301280710621841696 
0.44363692235319213131 0.01578081855273667095 0.34429028367449149295 0.00000000100000000000 0.06985022242669360060 0.12644175199288618106 
0.40859190481918211679 0.00000000099999999998 0.38161910785749847408 0.00000000099999999998 0.10625656701215784039 0.10353241831116155591 
0.38190223212925383800 0.00019151408985451066 0.31787304387532794303 0.00000000099999999999 0.14726156589800176722 0.15277164300756193582 
0.40365689657166148319 0.00000000100000000000 0.33121426942844311991 0.01742649533170633272 0.10627196209204320398 0.14143037557614587807 
0.54810516955995747246 0.01186074753663731753 0.31450511617508564166 0.00000000099999999999 0.08493567373539299969 0.04059329199292666807 
0.59598212222780899694 0.00000000099999999998 0.34985716457860732698 0.00000000099999999998 0.05395247744595744327 0.00020823374762636015 
0.42032186230860385523 0.00004741202278029090 0.34417969919470781104 0.02491939119767641250 0.08227127288350127854 0.12826036239273028161 
0.40887473627323200898 0.00000000099999999996 0.40165281566199134700 0.00000000099999999996 0.08997592182013829099 0.09949652424463849287 
0.54787224766592224068 0.00000000099999999996 0.37506841255382106226 0.00000000099999999996 0.07070184644934132678 0.00635749133091549797 
0.59885696384859465891 0.01257793110596310861 0.28225323637872207216 0.01327775500537868407 0.08097739091375169562 0.01205672274758963838 
0.55894594927766394488 0.00000000099999999996 0.37507806216269901078 0.00000000099999999996 0.05213001671434257939 0.01384596984529450243 
0.56414191682791181570 0.00000000100000000000 0.33940160139335245892 0.00824921794857222043 0.08351227847021018558 0.00469498435995325137 
0.55704457612930002863 0.00000000099999999999 0.38938372211182148419 0.00432036322913737728 0.03781173370006230688 0.01143960382967872634 
0.00000000099999999991 0.00000000099999999991 0.00000000099999999991 0.00000000099999999991 0.99999999499999991937 0.00000000099999999991 
0.00000000099999999983 0.00000011127504073441 0.00000000099999999983 0.00000000099999999983 0.99999988472495926484 0.00000000099999999983 
0.00000000099999999987 0.00000000099999999987 0.00000000099999999987 0.00000000099999999987 0.99999999499999991937 0.00000000099999999987 
0.00000000099999999992 0.00000000099999999992 0.00000000099999999992 0.01185294593498069544 0.98814705006501923901 0.00000000099999999992 
0.00000000099999999982 0.00000000099999999982 0.00000000099999999982 0.00000000099999999982 0.99999999499999991937 0.00000000099999999982 
0.00000000099999999993 0.01660777142578272886 0.00000000099999999993 0.00000006544217580926 0.98339216013204144851 0.00000000099999999993 
0.00000000099999999988 0.00000000099999999988 0.00000000099999999988 0.00000000099999999988 0.99999999499999991937 0.00000000099999999988 
0.00000000099999999991 0.00000000099999999991 0.00000000099999999991 0.00000000099999999991 0.99999999499999991937 0.00000000099999999991 
0.00000000099999999977 0.00000000099999999977 0.00000000099999999977 0.00000000099999999977 0.99999999499999991937 0.00000000099999999977 
0.00000000099999999989 0.00000000099999999989 0.00000000099999999989 0.01448707151134154790 0.98551292448865845941 0.00000000099999999989 
0.00000000099999999995 0.03557092333912963839 0.00000000099999999995 0.00000000099999999995 0.96442907266087019025 0.00000000099999999995 
0.00000000099999999996 0.00000004345346553383 0.00526233302985364745 0.00000000099999999996 0.99473762051668079831 0.00000000099999999996 
0.00000000099999999990 0.00000000099999999990 0.00000000099999999990 0.00000000099999999990 0.99999999500000003039 0.00000000099999999990 
0.00000000099999999981 0.00000000099999999981 0.00000000099999999981 0.00000000099999999981 0.99999999499999991937 0.00000000099999999981 
0.00000000099999999984 0.00000000099999999984 0.00000000099999999984 0.00000000099999999984 0.99999999499999991937 0.00000000099999999984 
0.00445953845726523770 0.01635828339649363083 0.00000000099999999995 0.00000000099999999995 0.97918217514624117381 0.00000000099999999995 
0.00000000099999999976 0.00000000099999999976 0.00000000099999999976 0.00000000099999999976 0.99999999500000003039 0.00000000099999999976 
0.00000000099999999983 0.00000000099999999983 0.00000000099999999983 0.00000000099999999983 0.99999999500000003039 0.00000000099999999983 
0.00000000099999999991 0.00000000099999999991 0.00000000099999999991 0.00000000099999999991 0.99999999499999991937 0.00000000099999999991 
0.00000000099999999967 0.00000000099999999967 0.00000000099999999967 0.00000000099999999967 0.99999999500000003039 0.00000000099999999967 
0.00000000099999999979 0.00000000099999999979 0.00000000099999999979 0.00000000099999999979 0.99999999499999991937 0.00000000099999999979 
0.00000000099999999967 0.00000000099999999967 0.00000000099999999967 0.00000000099999999967 0.99999999500000003039 0.00000000099999999967 
0.00000000099999999976 0.00000000099999999976 0.00000000099999999976 0.00000000099999999976 0.99999999500000003039 0.00000000099999999976 
0.00000000099999999965 0.00000000099999999965 0.00000000099999999965 0.00000000099999999965 0.99999999499999991937 0.00000000099999999965 
0.00000000099999999966 0.00000000099999999966 0.00000000099999999966 0.00000000099999999966 0.99999999499999991937 0.00000000099999999966 
0.00000000099999999966 0.00000000099999999966 0.00000000099999999966 0.00000000099999999966 0.99999999499999991937 0.00000000099999999966 
0.00000000099999999985 0.00000000099999999985 0.00000000099999999985 0.00000000099999999985 0.99999999499999991937 0.00000000099999999985 
0.00000000099999999975 0.00000000099999999975 0.00000000099999999975 0.00000000099999999975 0.99999999499999991937 0.00000000099999999975 
0.00000000099999999973 0.00000000099999999973 0.00000000099999999973 0.00000000099999999973 0.99999999500000003039 0.00000000099999999973 
0.00000000099999999973 0.00000000099999999973 0.00000000099999999973 0.00000000099999999973 0.99999999500000003039 0.00000000099999999973 
0.00000000099999999971 0.00000000099999999971 0.00000000099999999971 0.00000000099999999971 0.99999999500000003039 0.00000000099999999971 
0.00000000099999999987 0.00000000099999999987 0.00000000099999999987 0.00000000099999999987 0.99999999499999991937 0.00000000099999999987 
0.00000000099999999974 0.00000000099999999974 0.00000000099999999974 0.00000000099999999974 0.99999999499999991937 0.00000000099999999974 
0.00000000099999999979 0.00000000099999999979 0.00000000099999999979 0.00000000099999999979 0.99999999500000003039 0.00000000099999999979 
0.00000000099999999998 0.04382710184481897892 0.00000000099999999998 0.00000000298622568904 0.93111666264962378303 0.02505623051933156265 
0.00000000099999999989 0.00000002248385059771 0.00000000099999999989 0.00000000099999999989 0.99999997351614933194 0.00000000099999999989 
0.00000000099999999991 0.00000000099999999991 0.00000000099999999991 0.00000000099999999991 0.99999999499999991937 0.00000000099999999991 
0.00000000099999999998 0.04932390950253428413 0.01305986417027832532 0.00044208032183348068 0.93717414400535392627 0.00000000099999999998 
0.00000000099999999989 0.00000000099999999989 0.00000000099999999989 0.00000000099999999989 0.99999999499999991937 0.00000000099999999989 
0.00000000099999999993 0.00000000099999999993 0.00984995408228013514 0.00000000099999999993 0.99015004191771982534 0.00000000099999999993 
0.00000000099999999982 0.00000000099999999982 0.00000000099999999982 0.00000000099999999982 0.99999999500000003039 0.00000000099999999982 
0.00000000099999999995 0.00000000099999999995 0.00000000099999999995 0.00000000099999999995 0.99999999500000003039 0.00000000099999999995 
0.00000000099999999992 0.00000000099999999992 0.00000000099999999992 0.00000000099999999992 0.99999999500000003039 0.00000000099999999992 
0.00000000099999999989 0.00000337148632222463 0.00000000099999999989 0.00000000099999999989 0.99999662451367765659 0.00000000099999999989 
0.00000000099999999982 0.00000000099999999982 0.00000000099999999982 0.00000000099999999982 0.99999999499999991937 0.00000000099999999982 
0.00000000099999999986 0.00000000099999999986 0.00000000099999999986 0.00000000099999999986 0.99999999500000003039 0.00000000099999999986 
0.00000000099999999978 0.00000000099999999978 0.00000000099999999978 0.00000000099999999978 0.99999999499999991937 0.00000000099999999978 
0.03261356228903550258 0.00290085768132932690 0.01738607211427726368 0.00000000099999999998 0.94709950591535774223 0.00000000099999999998 
0.00000000099999999985 0.00000000099999999985 0.00000000099999999985 0.00000000099999999985 0.99999999499999991937 0.00000000099999999985 
0.00000000099999999994 0.04142299360331998942 0.00000000099999999994 0.00000000099999999994 0.95857700239667997799 0.00000000099999999994 
0.00000000099999999983 0.00000000099999999983 0.00000000099999999983 0.00000000099999999983 0.99999999500000003039 0.00000000099999999983 
0.00000000099999999987 0.00000000099999999987 0.00000000099999999987 0.00000000099999999987 0.99999999499999991937 0.00000000099999999987 
0.00000000099999999987 0.00000000099999999987 0.00000000099999999987 0.00000000099999999987 0.99999999499999991937 0.00000000099999999987 
0.00000000099999999987 0.00000000099999999987 0.00000000099999999987 0.00000000099999999987 0.99999999500000003039 0.00000000099999999987 
0.00000000099999999990 0.00000000099999999990 0.00000000099999999990 0.00000000099999999990 0.99999999499999991937 0.00000000099999999990 
0.00000000099999999994 0.00000000099999999994 0.00000000099999999994 0.01236276756260992933 0.98763722843739010226 0.00000000099999999994 
0.00000000099999999986 0.00000000099999999986 0.00000000099999999986 0.00000000099999999986 0.99999999499999991937 0.00000000099999999986 
0.00000000099999999995 0.00000000099999999995 0.04108715420883505415 0.00000000099999999995 0.95891284179116498265 0.00000000099999999995 
0.00000000099999999982 0.00000000099999999982 0.00000000099999999982 0.00000000099999999982 0.99999999500000003039 0.00000000099999999982 
0.00000000099999999973 0.00000000099999999973 0.00000000099999999973 0.00000000099999999973 0.99999999499999991937 0.00000000099999999973 
0.00000000099999999985 0.00000000099999999985 0.00000000099999999985 0.00000000099999999985 0.99999999499999991937 0.00000000099999999985 
0.00000000099999999986 0.00000000099999999986 0.00000000099999999986 0.00000000099999999986 0.99999999500000003039 0.00000000099999999986 
0.00000000099999999992 0.00000000099999999992 0.00000000099999999992 0.00000000099999999992 0.99999999499999991937 0.00000000099999999992 
0.61567965384220735281 0.00776894689318913170 0.04976975577079049279 0.00000000099999999998 0.02628910035775388135 0.30049254213605930408 
0.73909080903393431505 0.00000000099999999995 0.07860779998741099228 0.00000000099999999995 0.00000000099999999995 0.18230138797865480527 
0.70689984124187621450 0.00000000099999999996 0.02384179824769716224 0.00000000099999999996 0.02724559517968565270 0.24201276333074095426 
0.85081550172327502501 0.00000000099999999990 0.04207437441294125530 0.00000000099999999990 0.00000000099999999990 0.10711012086378381147 
0.66033265479192437830 0.00000000099999999998 0.04852186215046343232 0.00000000099999999998 0.13765230843417516904 0.15349317262343720181 
0.70704131783606671835 0.00000000099999999993 0.07185289494682010891 0.00000000099999999993 0.05275583474605392842 0.16834995047105918986 
0.70272662759366011365 0.00000000099999999999 0.06088830981768304784 0.00279188039697270910 0.03621065028680600650 0.19738253090487811736 
0.71533193325873989377 0.00000000099999999997 0.00499891169703275615 0.00000000099999999997 0.04410155481276900602 0.23556759823145820287 
0.87841070866589421318 0.00000000099999999989 0.02182629619865901482 0.00000000099999999989 0.00000000099999999989 0.09976299213544692623 
0.90122374234052837760 0.00000000099999999989 0.00000016071612014614 0.00000000099999999989 0.00000000099999999989 0.09877609394335158666 
0.86371375813203488114 0.00000000099999999996 0.00000016280287434796 0.00000000099999999996 0.01449050330997849259 0.12179557375511229633 
0.88080295947534803513 0.00000000099999999994 0.01427960855118338979 0.00000000099999999994 0.00000000099999999994 0.10491742897346854890 
0.80134644689118927907 0.00000000099999999995 0.00000008230763485343 0.00000000099999999995 0.07525487674999654930 0.12339859205117936769 
0.93900716721938848330 0.00000000099999999988 0.00000000339496164965 0.00000000099999999988 0.00000000099999999988 0.06099282638564988007 
0.77059348523124093777 0.00000000099999999995 0.03422350536716659009 0.00000000099999999995 0.03737586543514775234 0.15780714196644463065 
0.80850346054318977806 0.00000000099999999991 0.03693600226006603371 0.00000000099999999991 0.05396519614572618806 0.10059533905101811224 
0.91381479440945956316 0.00000000099999999981 0.01546133048721594870 0.00000000099999999981 0.00000000099999999981 0.07072387210332470309 
0.73157286663912524105 0.00000000099999999993 0.01908541238788190667 0.00000000099999999993 0.02095676257805934029 0.22838495639493364142 
0.82186751173003491644 0.00000000099999999992 0.03466155768638113505 0.00000000099999999992 0.00000000099999999992 0.14347092758358401254 
0.86360554434432201809 0.00000000099999999987 0.02076303829013088562 0.00000000099999999987 0.00000000099999999987 0.11563141436554709440 
0.00000000099999999953 0.00000000099999999953 0.00000000099999999953 0.00000000099999999953 0.00000000099999999953 0.99999999499999991937 
0.00000000099999999949 0.00000000099999999949 0.00000000099999999949 0.00000000099999999949 0.00000000099999999949 0.99999999500000003039 
0.00000000099999999971 0.00000000099999999971 0.00000000099999999971 0.00000000099999999971 0.00000000099999999971 0.99999999499999991937 
0.00000000099999999969 0.00000000099999999969 0.00000000099999999969 0.00000000099999999969 0.00000000099999999969 0.99999999500000003039 
0.20015502280026070681 0.00000000099999999981 0.00000000099999999981 0.00000000099999999981 0.00000000099999999981 0.79984497319973923979 
0.00000000099999999953 0.00000000099999999953 0.00000000099999999953 0.00000000099999999953 0.00000000099999999953 0.99999999500000003039 
0.09597926277952761875 0.00000000099999999971 0.00000000099999999971 0.00000000099999999971 0.00000000099999999971 0.90402073322047227233 
0.00000000099999999948 0.00000000099999999948 0.00000000099999999948 0.00000000099999999948 0.00000000099999999948 0.99999999499999991937 
0.00000000099999999968 0.00000000099999999968 0.00000000099999999968 0.00000000099999999968 0.00000000099999999968 0.99999999499999991937 
0.00000000099999999954 0.00000000099999999954 0.00000000099999999954 0.00000000099999999954 0.00000000099999999954 0.99999999499999991937 
0.00000000099999999957 0.00000000099999999957 0.00000000099999999957 0.00000000099999999957 0.00000000099999999957 0.99999999499999991937 
0.00000000194076073006 0.00000000099999999973 0.00000000099999999973 0.00000000099999999973 0.00000000099999999973 0.99999999405923933882 
0.00000000099999999952 0.00000000099999999952 0.00000000099999999952 0.00000000099999999952 0.00000000099999999952 0.99999999500000003039 
0.23184586782144397943 0.00000000099999999980 0.00000000099999999980 0.00000000099999999980 0.00000000099999999980 0.76815412817855599492 
0.04862143965811278196 0.00000000099999999977 0.00000000099999999977 0.00000000099999999977 0.00000000099999999977 0.95137855634188728260 
0.00000000099999999962 0.00000000099999999962 0.00000000099999999962 0.00000000099999999962 0.00000000099999999962 0.99999999499999991937 
0.00000000099999999943 0.00000000099999999943 0.00000000099999999943 0.00000000099999999943 0.00000000099999999943 0.99999999500000003039 
0.00000000099999999949 0.00000000099999999949 0.00000000099999999949 0.00000000099999999949 0.00000000099999999949 0.99999999499999991937 
0.00000000099999999968 0.00000000099999999968 0.00000000099999999968 0.00000000099999999968 0.00000000099999999968 0.99999999499999991937 
0.11193327772862206315 0.00000000099999999993 0.00000000099999999993 0.00000000099999999993 0.00000000099999999993 0.88806671827137784181 
0.85014149035553088218 0.00000000099999999975 0.00000000099999999975 0.00000000099999999975 0.00000000099999999975 0.14985850564446923094 
0.84887743539580617913 0.00000000099999999979 0.00000000099999999979 0.00000000099999999979 0.00000000099999999979 0.15112256060419379522 
0.82979636710897741736 0.00000000099999999978 0.00000000099999999978 0.00000000099999999978 0.00000000099999999978 0.17020362889102277903 
0.99999999500000014141 0.00000000099999999963 0.00000000099999999963 0.00000000099999999963 0.00000000099999999963 0.00000000099999999963 
0.92801011165464775132 0.00000000099999999982 0.00000000099999999982 0.00000000099999999982 0.00000000099999999982 0.07198988434535236181 
0.99999999500000003039 0.00000000099999999961 0.00000000099999999961 0.00000000099999999961 0.00000000099999999961 0.00000000099999999961 
0.99999999500000003039 0.00000000099999999975 0.00000000099999999975 0.00000000099999999975 0.00000000099999999975 0.00000000099999999975 
0.99999999500000014141 0.00000000099999999965 0.00000000099999999965 0.00000000099999999965 0.00000000099999999965 0.00000000099999999965 
0.99999999500000014141 0.00000000099999999968 0.00000000099999999968 0.00000000099999999968 0.00000000099999999968 0.00000000099999999968 
0.99999999500000014141 0.00000000099999999968 0.00000000099999999968 0.00000000099999999968 0.00000000099999999968 0.00000000099999999968 
0.99999999500000003039 0.00000000099999999965 0.00000000099999999965 0.00000000099999999965 0.00000000099999999965 0.00000000099999999965 
0.99999999500000014141 0.00000000099999999960 0.00000000099999999960 0.00000000099999999960 0.00000000099999999960 0.00000000099999999960 
0.99999999500000014141 0.00000000099999999974 0.00000000099999999974 0.00000000099999999974 0.00000000099999999974 0.00000000099999999974 
0.99999999500000014141 0.00000000099999999963 0.00000000099999999963 0.00000000099999999963 0.00000000099999999963 0.00000000099999999963 
0.99999999500000014141 0.00000000099999999973 0.00000000099999999973 0.00000000099999999973 0.00000000099999999973 0.00000000099999999973 
0.99999999500000003039 0.00000000099999999964 0.00000000099999999964 0.00000000099999999964 0.00000000099999999964 0.00000000099999999964 
0.99999999500000003039 0.00000000099999999966 0.00000000099999999966 0.00000000099999999966 0.00000000099999999966 0.00000000099999999966 
0.79733045032920513151 0.00000000099999999972 0.00000000099999999972 0.00000000099999999972 0.00000000099999999972 0.20266954567079495386 
0.99999999500000003039 0.00000000099999999963 0.00000000099999999963 0.00000000099999999963 0.00000000099999999963 0.00000000099999999963 
0.99999999500000014141 0.00000000099999999958 0.00000000099999999958 0.00000000099999999958 0.00000000099999999958 0.00000000099999999958 
0.99999999500000003039 0.00000000099999999980 0.00000000099999999980 0.00000000099999999980 0.00000000099999999980 0.00000000099999999980 
0.99999999267847383688 0.00000000099999999980 0.00000000099999999980 0.00000000099999999980 0.00000000099999999980 0.00000000332152638316 
0.99999999500000003039 0.00000000099999999975 0.00000000099999999975 0.00000000099999999975 0.00000000099999999975 0.00000000099999999975 
0.98706369278457994909 0.00000000099999999980 0.00000000099999999980 0.00000000099999999980 0.00000000099999999980 0.01293630321542021608 
0.99999999500000003039 0.00000000099999999984 0.00000000099999999984 0.00000000099999999984 0.00000000099999999984 0.00000000099999999984 
0.94404641329758454127 0.00000000099999999988 0.00000000099999999988 0.00000000099999999988 0.00000000099999999988 0.05595358270241559268 
0.99999999500000014141 0.00000000099999999989 0.00000000099999999989 0.00000000099999999989 0.00000000099999999989 0.00000000099999999989 
0.99999996367774657280 0.00000000099999999989 0.00000000099999999989 0.00000000099999999989 0.00000000099999999989 0.00000003232225346791 
0.99999999500000014141 0.00000000099999999978 0.00000000099999999978 0.00000000099999999978 0.00000000099999999978 0.00000000099999999978 
0.99999999500000014141 0.00000000099999999981 0.00000000099999999981 0.00000000099999999981 0.00000000099999999981 0.00000000099999999981 
0.80847070956629374372 0.00000000099999999991 0.00255050079778938602 0.00000000099999999991 0.00000000099999999991 0.18897878663591682891 
0.86013378579072663488 0.00000000099999999976 0.00000000099999999976 0.00000000099999999976 0.00000000099999999976 0.13986621020927353376 
0.84100803557519032694 0.00000000099999999977 0.00000000099999999977 0.00000000099999999977 0.00000000099999999977 0.15899196042480978619 
0.85091669895995136752 0.00000000099999999977 0.00000000099999999977 0.00000000099999999977 0.00000000099999999977 0.14908329704004869010 
0.86763608004577441601 0.00000000099999999980 0.00000000099999999980 0.00000000099999999980 0.00000000099999999980 0.13236391595422575262 
0.86420564093827856311 0.00000000099999999985 0.00000000099999999985 0.00000000099999999985 0.00000000099999999985 0.13579435506172160553 
0.83704983873406391126 0.00000000099999999980 0.00000000099999999980 0.00000000099999999980 0.00000000099999999980 0.16295015726593611860 
0.79267802896932970658 0.00000000099999999990 0.00000000099999999990 0.00000000099999999990 0.00000000099999999990 0.20732196703067048982 
0.80933770862301634974 0.00000000099999999998 0.00000439392205743846 0.00000000099999999998 0.00000000099999999998 0.19065789445492623000 
