0.00000000099999999942 0.00000000099999999942 0.00000000099999999942 0.00000000099999999942 0.00000000099999999942 0.99999999400000005867 0.00000000099999999942 
0.00000000099999999947 0.00000000099999999947 0.00000000099999999947 0.00000000099999999947 0.00000000099999999947 0.99999999399999994765 0.00000000099999999947 
0.00000000099999999942 0.00000000099999999942 0.00000000099999999942 0.00000000099999999942 0.00000000099999999942 0.99999999399999994765 0.00000000099999999942 
0.99999999400000005867 0.00000000099999999938 0.00000000099999999938 0.00000000099999999938 0.00000000099999999938 0.00000000099999999938 0.00000000099999999938 
0.99999999400000005867 0.00000000099999999927 0.00000000099999999927 0.00000000099999999927 0.00000000099999999927 0.00000000099999999927 0.00000000099999999927 
0.99999999400000005867 0.00000000099999999937 0.00000000099999999937 0.00000000099999999937 0.00000000099999999937 0.00000000099999999937 0.00000000099999999937 
0.00000000099999999942 0.00000000099999999942 0.00000000099999999942 0.00000000099999999942 0.00000000099999999942 0.99999999399999994765 0.00000000099999999942 
0.00000000099999999947 0.00000000099999999947 0.00000000099999999947 0.00000000099999999947 0.00000000099999999947 0.99999999399999994765 0.00000000099999999947 
0.00000000099999999944 0.00000000099999999944 0.00000000099999999944 0.00000000099999999944 0.00000000099999999944 0.99999999399999994765 0.00000000099999999944 
0.00000000099999999945 0.00000000099999999945 0.00000000099999999945 0.00000000099999999945 0.00000000099999999945 0.99999999399999994765 0.00000000099999999945 
0.00000000099999999943 0.00000000099999999943 0.00000000099999999943 0.00000000099999999943 0.00000000099999999943 0.99999999400000005867 0.00000000099999999943 
0.00000000099999999945 0.00000000099999999945 0.00000000099999999945 0.00000000099999999945 0.00000000099999999945 0.99999999400000005867 0.00000000099999999945 
0.99999999400000016969 0.00000000099999999937 0.00000000099999999937 0.00000000099999999937 0.00000000099999999937 0.00000000099999999937 0.00000000099999999937 
0.99999999400000005867 0.00000000099999999923 0.00000000099999999923 0.00000000099999999923 0.00000000099999999923 0.00000000099999999923 0.00000000099999999923 
0.99999999400000005867 0.00000000099999999934 0.00000000099999999934 0.00000000099999999934 0.00000000099999999934 0.00000000099999999934 0.00000000099999999934 
0.99999999400000005867 0.00000000099999999935 0.00000000099999999935 0.00000000099999999935 0.00000000099999999935 0.00000000099999999935 0.00000000099999999935 
0.99999999400000005867 0.00000000099999999932 0.00000000099999999932 0.00000000099999999932 0.00000000099999999932 0.00000000099999999932 0.00000000099999999932 
0.99999999400000016969 0.00000000099999999931 0.00000000099999999931 0.00000000099999999931 0.00000000099999999931 0.00000000099999999931 0.00000000099999999931 
0.00000000099999999941 0.00000000099999999941 0.00000000099999999941 0.00000000099999999941 0.00000000099999999941 0.99999999400000005867 0.00000000099999999941 
0.34778917835229916644 0.00000000099999999977 0.00000000099999999977 0.00000000099999999977 0.00000000099999999977 0.65221081664770064190 0.00000000099999999977 
0.00000000099999999942 0.00000000099999999942 0.00000000099999999942 0.00000000099999999942 0.00000000099999999942 0.99999999400000005867 0.00000000099999999942 
0.33884155732278514739 0.00000000099999999978 0.00000000099999999978 0.00000000099999999978 0.00000000099999999978 0.66115843767721471647 0.00000000099999999978 
0.00000000099999999940 0.00000000099999999940 0.00000000099999999940 0.00000000099999999940 0.00000000099999999940 0.99999999400000005867 0.00000000099999999940 
0.00000000099999999961 0.00000000099999999961 0.00000000099999999961 0.00000000099999999961 0.00000000099999999961 0.99999999400000005867 0.00000000099999999961 
0.00000000099999999934 0.00000000099999999934 0.00000000099999999934 0.00000000099999999934 0.00000000099999999934 0.99999999400000005867 0.00000000099999999934 
0.38220786803636086493 0.00000000099999999981 0.00000000099999999981 0.00000000099999999981 0.00000000099999999981 0.61779212696363905444 0.00000000099999999981 
0.00000000099999999934 0.00000000099999999934 0.00000000099999999934 0.00000000099999999934 0.00000000099999999934 0.99999999399999994765 0.00000000099999999934 
0.00000000099999999944 0.00000000099999999944 0.00000000099999999944 0.00000000099999999944 0.00000000099999999944 0.99999999399999994765 0.00000000099999999944 
0.00000000099999999937 0.00000000099999999937 0.00000000099999999937 0.00000000099999999937 0.00000000099999999937 0.99999999399999994765 0.00000000099999999937 
0.00000000099999999939 0.00000000099999999939 0.00000000099999999939 0.00000000099999999939 0.00000000099999999939 0.99999999400000005867 0.00000000099999999939 
0.00000000099999999963 0.00000000099999999963 0.00000000099999999963 0.00000000099999999963 0.00000000099999999963 0.99999999399999994765 0.00000000099999999963 
0.00000000099999999949 0.00000000099999999949 0.00000000099999999949 0.00000000099999999949 0.00000000099999999949 0.99999999399999994765 0.00000000099999999949 
0.00000000099999999949 0.00000000099999999949 0.00000000099999999949 0.00000000099999999949 0.00000000099999999949 0.99999999400000005867 0.00000000099999999949 
0.34149567148292514496 0.00000000099999999971 0.00000000099999999971 0.00000000099999999971 0.00000000099999999971 0.65850432351707466339 0.00000000099999999971 
0.00000000099999999968 0.00000000099999999968 0.00000000099999999968 0.00000000099999999968 0.00000000099999999968 0.99999999400000005867 0.00000000099999999968 
0.00000000099999999948 0.00000000099999999948 0.00000000099999999948 0.00000000099999999948 0.00000000099999999948 0.99999999399999994765 0.00000000099999999948 
0.00000000099999999943 0.00000000099999999943 0.00000000099999999943 0.00000000099999999943 0.00000000099999999943 0.99999999400000005867 0.00000000099999999943 
0.00000000099999999945 0.00000000099999999945 0.00000000099999999945 0.00000000099999999945 0.00000000099999999945 0.99999999400000005867 0.00000000099999999945 
0.00000000099999999944 0.00000000099999999944 0.00000000099999999944 0.00000000099999999944 0.00000000099999999944 0.00000000099999999944 0.99999999400000005867 
0.00000000099999999946 0.00000000099999999946 0.00000000099999999946 0.00000000099999999946 0.00000000099999999946 0.00000000099999999946 0.99999999399999994765 
0.00000000099999999991 0.21108631695297780384 0.02638948959470817021 0.00026595986347380815 0.00000000099999999991 0.00000000099999999991 0.76225823058884012440 
0.00000000099999999959 0.00000000099999999959 0.00000000099999999959 0.00000000099999999959 0.00000000099999999959 0.00000000099999999959 0.99999999399999994765 
0.00000000099999999940 0.00000000099999999940 0.00000000099999999940 0.00000000099999999940 0.00000000099999999940 0.00000000099999999940 0.99999999400000005867 
0.00000000099999999947 0.00000000099999999947 0.00000000099999999947 0.00000000099999999947 0.00000000099999999947 0.00000000099999999947 0.99999999399999994765 
0.00000000099999999951 0.00000000099999999951 0.00000000099999999951 0.00000000099999999951 0.00000000099999999951 0.00000000099999999951 0.99999999400000005867 
0.00000000099999999944 0.00000000099999999944 0.00000000099999999944 0.00000000099999999944 0.00000000099999999944 0.00000000099999999944 0.99999999400000005867 
0.00000000099999999946 0.00000000099999999946 0.00000000099999999946 0.00000000099999999946 0.00000000099999999946 0.00000000099999999946 0.99999999399999994765 
0.00000000099999999996 0.17723794217022098563 0.04513182702265786106 0.04007884659531670002 0.00000000099999999996 0.00000000099999999996 0.73755138121180452426 
0.00000000099999999947 0.00000000099999999947 0.00000000099999999947 0.00000000099999999947 0.00000000099999999947 0.00000000099999999947 0.99999999399999994765 
0.00000000099999999950 0.00000000099999999950 0.00000000099999999950 0.00000000099999999950 0.00000000099999999950 0.00000000099999999950 0.99999999400000005867 
0.00000000099999999954 0.00000000099999999954 0.00000000099999999954 0.00000000099999999954 0.00000000099999999954 0.00000000099999999954 0.99999999400000005867 
0.00000000099999999956 0.00000000099999999956 0.00000000099999999956 0.00000000099999999956 0.00000000099999999956 0.00000000099999999956 0.99999999400000005867 
0.00000000099999999957 0.00000000099999999957 0.00000000099999999957 0.00000000099999999957 0.00000000099999999957 0.00000000099999999957 0.99999999400000005867 
0.00000000099999999949 0.00000000099999999949 0.00000000099999999949 0.00000000099999999949 0.00000000099999999949 0.00000000099999999949 0.99999999399999994765 
0.00000000099999999951 0.00000000099999999951 0.00000000099999999951 0.00000000099999999951 0.00000000099999999951 0.00000000099999999951 0.99999999399999994765 
0.00000000099999999962 0.00000000099999999962 0.00000000099999999962 0.00000000099999999962 0.00000000099999999962 0.00000000099999999962 0.99999999400000005867 
0.00000000099999999962 0.00000000099999999962 0.00000000099999999962 0.00000000099999999962 0.00000000099999999962 0.00000000099999999962 0.99999999400000005867 
0.05325316008755335423 0.23199300565101016458 0.13583377403840582454 0.17771162843738588788 0.06432272555992418761 0.00000000099999999999 0.33688570522572047761 
0.01081523781718838825 0.25041941129018996381 0.15605468993886040252 0.09381092763974230309 0.13647370539700914849 0.00000000099999999998 0.35242602691700986028 
0.00000000099999999996 0.29296657540941012376 0.12543870216435851206 0.12926975029471440837 0.12966986940666286321 0.00000000099999999996 0.32265510072485420467 
0.00010934957346256883 0.29735919948973893456 0.17057204734067071827 0.06297684599548619699 0.14737745248791081498 0.00000000099999999999 0.32160510411273079967 
0.01625422062356117123 0.27987887054568333367 0.17980009509527561384 0.11111401676544054029 0.06978704729369730742 0.00000000100000000000 0.34316574867634191959 
0.00000000099999999998 0.26875271895009589240 0.14758054089600400327 0.09255560131857405726 0.10853214620571245697 0.00000000099999999998 0.38257899062961370218 
0.00000074882511780033 0.29257697659524950495 0.10784964643410051288 0.13577679584099888732 0.14829941247827652107 0.00000000099999999999 0.31549641882625667488 
0.00000000100000000000 0.29606093777298131409 0.12814440466661480844 0.12380446225119016990 0.10804276167273320353 0.01611316947467261729 0.32783426316180769300 
0.01669371009970572681 0.39235545315228365082 0.16002059535350343644 0.03859623247462813656 0.08042580080695577172 0.00000000099999999999 0.31190820711292338574 
0.00000000099999999997 0.50800533359591570903 0.10655276868131344226 0.00000000099999999997 0.05722455236318982341 0.00000000099999999997 0.32821734235958116566 
0.00587544120935527565 0.33710492856892421143 0.10953516432325842433 0.10799169781264994494 0.08033512701639396181 0.01760689173688022649 0.34155074933253792846 
0.00000000099999999996 0.28420982858213639233 0.13394021163962457899 0.08864180816364421178 0.09196791019764767594 0.00000000099999999996 0.40124023941694708650 
0.00000000099999999996 0.43495650474572916666 0.13381836714740799610 0.00000000099999999996 0.07486108487738996065 0.00000000099999999996 0.35636404022947298920 
0.02378368415186873572 0.42272725434561625457 0.17636737437821328744 0.01352215244209809160 0.07983884892132149524 0.00499435333968677522 0.27876633242119530642 
0.00000000099999999996 0.43591634435959714100 0.14075187078051090706 0.00000044055600374875 0.05622874500177338364 0.00000000099999999996 0.36710259730211480811 
0.00000004333083518371 0.42404985825388769038 0.15129021517668403418 0.00000003890101797170 0.09043237292351524736 0.00726967370574089014 0.32695779770831895350 
0.00000000099999999999 0.43738118983546114826 0.13561914641000669124 0.00250443619166049397 0.04784863137053109450 0.00005143372501503527 0.37659516146732524566 
0.00000000099999999987 0.00000000099999999987 0.00000000099999999987 0.00000000099999999987 0.99999999400000005867 0.00000000099999999987 0.00000000099999999987 
0.00000001225748637990 0.00000000099999999979 0.00000000099999999979 0.00000000099999999979 0.99999998274251367114 0.00000000099999999979 0.00000000099999999979 
0.00000000099999999984 0.00000000099999999984 0.00000000099999999984 0.00000000099999999984 0.99999999399999994765 0.00000000099999999984 0.00000000099999999984 
0.00000000099999999988 0.00000000099999999988 0.00000000099999999988 0.00000000099999999988 0.98735994700467644147 0.01264004799532351432 0.00000000099999999988 
0.00000000099999999978 0.00000000099999999978 0.00000000099999999978 0.00000000099999999978 0.99999999400000005867 0.00000000099999999978 0.00000000099999999978 
0.01678576561587899127 0.00000000099999999989 0.00000000099999999989 0.00000000099999999989 0.98321422938412095238 0.00000000099999999989 0.00000000099999999989 
0.00000000099999999985 0.00000000099999999985 0.00000000099999999985 0.00000000099999999985 0.99999999400000005867 0.00000000099999999985 0.00000000099999999985 
0.00000000099999999990 0.00000000099999999990 0.00000000099999999990 0.00000000099999999990 0.99999999400000005867 0.00000000099999999990 0.00000000099999999990 
0.00000000099999999971 0.00000000099999999971 0.00000000099999999971 0.00000000099999999971 0.99999999400000005867 0.00000000099999999971 0.00000000099999999971 
0.00000000099999999984 0.00000000099999999984 0.00000000099999999984 0.00000000099999999984 0.98450982548563259478 0.01549016951436736275 0.00000000099999999984 
0.02982304588444616850 0.00000000099999999994 0.00000000099999999994 0.00000000099999999994 0.97017680527677774283 0.00000014483877603540 0.00000000099999999994 
0.00000000099999999995 0.00000000099999999995 0.00000000099999999995 0.00000000099999999995 0.99488187853433607266 0.00000000099999999995 0.00511811646566404706 
0.00000000099999999988 0.00000000099999999988 0.00000000099999999988 0.00000000099999999988 0.99999999400000005867 0.00000000099999999988 0.00000000099999999988 
0.00000000099999999976 0.00000000099999999976 0.00000000099999999976 0.00000000099999999976 0.99999999399999994765 0.00000000099999999976 0.00000000099999999976 
0.00000000099999999980 0.00000000099999999980 0.00000000099999999980 0.00000000099999999980 0.99999999400000005867 0.00000000099999999980 0.00000000099999999980 
0.00730367248034257104 0.00000000099999999995 0.00887200003787563807 0.00000000099999999995 0.98382432348178183723 0.00000000099999999995 0.00000000099999999995 
0.00000000099999999971 0.00000000099999999971 0.00000000099999999971 0.00000000099999999971 0.99999999399999994765 0.00000000099999999971 0.00000000099999999971 
0.00000000099999999979 0.00000000099999999979 0.00000000099999999979 0.00000000099999999979 0.99999999400000005867 0.00000000099999999979 0.00000000099999999979 
0.00000000099999999988 0.00105435593691016998 0.00000000099999999988 0.00000000099999999988 0.99894563906308986301 0.00000000099999999988 0.00000000099999999988 
0.00000000099999999959 0.00000000099999999959 0.00000000099999999959 0.00000000099999999959 0.99999999399999994765 0.00000000099999999959 0.00000000099999999959 
0.00000000099999999973 0.00000000099999999973 0.00000000099999999973 0.00000000099999999973 0.99999999400000005867 0.00000000099999999973 0.00000000099999999973 
0.00000000099999999959 0.00000000099999999959 0.00000000099999999959 0.00000000099999999959 0.99999999400000005867 0.00000000099999999959 0.00000000099999999959 
0.00000000099999999970 0.00000000099999999970 0.00000000099999999970 0.00000000099999999970 0.99999999399999994765 0.00000000099999999970 0.00000000099999999970 
0.00000000099999999957 0.00000000099999999957 0.00000000099999999957 0.00000000099999999957 0.99999999399999994765 0.00000000099999999957 0.00000000099999999957 
0.00000000099999999958 0.00000000099999999958 0.00000000099999999958 0.00000000099999999958 0.99999999399999994765 0.00000000099999999958 0.00000000099999999958 
0.00000000099999999959 0.00000000099999999959 0.00000000099999999959 0.00000000099999999959 0.99999999399999994765 0.00000000099999999959 0.00000000099999999959 
0.00000000099999999983 0.00000000099999999983 0.00000000099999999983 0.00000000099999999983 0.99999999400000005867 0.00000000099999999983 0.00000000099999999983 
0.00000000099999999969 0.00000000099999999969 0.00000000099999999969 0.00000000099999999969 0.99999999399999994765 0.00000000099999999969 0.00000000099999999969 
0.00000000099999999967 0.00000000099999999967 0.00000000099999999967 0.00000000099999999967 0.99999999399999994765 0.00000000099999999967 0.00000000099999999967 
0.00000000099999999967 0.00000000099999999967 0.00000000099999999967 0.00000000099999999967 0.99999999399999994765 0.00000000099999999967 0.00000000099999999967 
0.00000000099999999964 0.00000000099999999964 0.00000000099999999964 0.00000000099999999964 0.99999999399999994765 0.00000000099999999964 0.00000000099999999964 
0.00000000099999999984 0.00000000099999999984 0.00000000099999999984 0.00000000099999999984 0.99999999399999994765 0.00000000099999999984 0.00000000099999999984 
0.00000000099999999967 0.00000000099999999967 0.00000000099999999967 0.00000000099999999967 0.99999999400000005867 0.00000000099999999967 0.00000000099999999967 
0.00000000099999999975 0.00000000099999999975 0.00000000099999999975 0.00000000099999999975 0.99999999399999994765 0.00000000099999999975 0.00000000099999999975 
0.01436422716171771412 0.00000000099999999996 0.00000000099999999996 0.02451285872635855165 0.93710259644345961227 0.02402031466846414609 0.00000000099999999996 
0.00000000099999999986 0.00000000099999999986 0.00000000099999999986 0.00000000099999999986 0.99999999400000005867 0.00000000099999999986 0.00000000099999999986 
0.00000000099999999988 0.00000000099999999988 0.00000000099999999988 0.00000000099999999988 0.99999999400000005867 0.00000000099999999988 0.00000000099999999988 
0.02719108020778594065 0.00000000099999999998 0.00000000099999999998 0.00000000099999999998 0.93493899056305562745 0.02706066485110699554 0.01080926137805150733 
0.00000000099999999984 0.00000000099999999984 0.00000000099999999984 0.00000000099999999984 0.99999999400000005867 0.00000000099999999984 0.00000000099999999984 
0.00000000099999999993 0.00000000099999999993 0.00000000099999999993 0.00000000099999999993 0.99055765705979426095 0.00000000099999999993 0.00944233794020580587 
0.00000000099999999977 0.00000000099999999977 0.00000000099999999977 0.00000000099999999977 0.99999999400000005867 0.00000000099999999977 0.00000000099999999977 
0.00000000099999999995 0.00000000099999999995 0.00000000099999999995 0.00000000099999999995 0.99999999400000005867 0.00000000099999999995 0.00000000099999999995 
0.00000000099999999990 0.00000000099999999990 0.00000000099999999990 0.00000000099999999990 0.99999999399999994765 0.00000000099999999990 0.00000000099999999990 
0.00000000099999999984 0.00000000099999999984 0.00000000099999999984 0.00000000099999999984 0.99999999399999994765 0.00000000099999999984 0.00000000099999999984 
0.00000000099999999976 0.00000000099999999976 0.00000000099999999976 0.00000000099999999976 0.99999999399999994765 0.00000000099999999976 0.00000000099999999976 
0.00000000099999999984 0.00000000099999999984 0.00000000099999999984 0.00000000099999999984 0.99999999399999994765 0.00000000099999999984 0.00000000099999999984 
0.00000000099999999973 0.00000000099999999973 0.00000000099999999973 0.00000000099999999973 0.99999999399999994765 0.00000000099999999973 0.00000000099999999973 
0.00000000129307406825 0.00000000099999999996 0.05440945209109238762 0.00000000099999999996 0.94247036921825655398 0.00000000099999999996 0.00312017439757704103 
0.00000000099999999981 0.00000000099999999981 0.00000000099999999981 0.00000000099999999981 0.99999999400000005867 0.00000000099999999981 0.00000000099999999981 
0.04017092177505035555 0.00000000099999999992 0.00000000099999999992 0.00000000099999999992 0.95982907322494959157 0.00000000099999999992 0.00000000099999999992 
0.00000000099999999977 0.00000000099999999977 0.00000000099999999977 0.00000000099999999977 0.99999999399999994765 0.00000000099999999977 0.00000000099999999977 
0.00000000099999999984 0.00000000099999999984 0.00000000099999999984 0.00000000099999999984 0.99999999399999994765 0.00000000099999999984 0.00000000099999999984 
0.00000000099999999984 0.00000000099999999984 0.00000000099999999984 0.00000000099999999984 0.99999999400000005867 0.00000000099999999984 0.00000000099999999984 
0.00000000099999999983 0.00000000099999999983 0.00000000099999999983 0.00000000099999999983 0.99999999400000005867 0.00000000099999999983 0.00000000099999999983 
0.00000000099999999987 0.00000000099999999987 0.00000000099999999987 0.00000000099999999987 0.99999999400000005867 0.00000000099999999987 0.00000000099999999987 
0.00078894871515235740 0.00000000099999999992 0.00000000099999999992 0.00000000099999999992 0.99578440211408203453 0.00342664517076563631 0.00000000099999999992 
0.00000000099999999983 0.00000000099999999983 0.00000000099999999983 0.00000000099999999983 0.99999999399999994765 0.00000000099999999983 0.00000000099999999983 
0.00000000099999999994 0.00000000099999999994 0.00000000099999999994 0.00000000099999999994 0.95955076716928566771 0.00000000099999999994 0.04044922783071432798 
0.00000000099999999975 0.00000000099999999975 0.00000000099999999975 0.00000000099999999975 0.99999999400000005867 0.00000000099999999975 0.00000000099999999975 
0.00000000099999999967 0.00000000099999999967 0.00000000099999999967 0.00000000099999999967 0.99999999399999994765 0.00000000099999999967 0.00000000099999999967 
0.00000000099999999981 0.00000000099999999981 0.00000000099999999981 0.00000000099999999981 0.99999999399999994765 0.00000000099999999981 0.00000000099999999981 
0.00000000099999999983 0.00000000099999999983 0.00000000099999999983 0.00000000099999999983 0.99999999400000005867 0.00000000099999999983 0.00000000099999999983 
0.00000000099999999991 0.00000000099999999991 0.00000000099999999991 0.00000000099999999991 0.99999999400000005867 0.00000000099999999991 0.00000000099999999991 
0.00706230900938368319 0.46489019671302656000 0.19573965739571591582 0.26281657166705957307 0.02545263398017497472 0.00000000099999999998 0.04403863023463937959 
0.00000000099999999992 0.61318143309648875938 0.19304021232963888832 0.12240953418404616759 0.00000000099999999992 0.00000000099999999992 0.07136881738982629730 
0.00000000099999999996 0.58316417793989239193 0.19098522024806646735 0.17884425039862425488 0.02004371495516508311 0.00000000099999999996 0.02696263445825195643 
0.00000000099999999989 0.53131971241673814355 0.34644315761574573376 0.07834713306387978971 0.00000000099999999989 0.00000000099999999989 0.04388999390363653580 
0.00000000099999999998 0.54889813500587336659 0.17426298065198975173 0.10596908813223805679 0.13184009116241182658 0.00000000099999999998 0.03902970304748694386 
0.00000000099999999992 0.56841784974001885455 0.20160924535571667082 0.12355933675236727143 0.04762364260521988885 0.00000000099999999992 0.05878992354667714193 
0.00000000099999999999 0.52786015513278383704 0.22992782460586133619 0.15896950581455746021 0.03112336089223750185 0.00330073430464800002 0.04881841824991174639 
0.00000000099999999997 0.64047187336150601666 0.16096211688382588978 0.16229191095774705977 0.03627407129056592350 0.00000000099999999997 0.00000002550635535813 
0.00000000099999999986 0.74381295587189466545 0.21460919092765534666 0.02861117288265704883 0.00000000099999999986 0.00000000099999999986 0.01296667731779288513 
0.00000000099999999984 0.73884448332490182398 0.23228369014654595692 0.02887182252855226977 0.00000000099999999984 0.00000000099999999984 0.00000000099999999984 
0.00000000099999999993 0.81775100154353641546 0.15721437847389951870 0.02503461598256408877 0.00000000099999999993 0.00000000099999999993 0.00000000099999999993 
0.00000000099999999992 0.77484714999451687056 0.19550032185291624232 0.02617617413478799324 0.00000000099999999992 0.00000000099999999992 0.00347635101777909149 
0.00000000099999999995 0.65906572229963988896 0.21278922265112265588 0.05860207836522025177 0.06954297368401718415 0.00000000099999999995 0.00000000099999999995 
0.00000000099999999983 0.75571444416321287285 0.24428555083678735182 0.00000000099999999983 0.00000000099999999983 0.00000000099999999983 0.00000000099999999983 
0.00000000099999999995 0.59836779482267332675 0.21690439137925712765 0.11718224809607280523 0.03372667647134085234 0.00000000099999999995 0.03381888723065592378 
0.00000000099999999991 0.67230435104388142076 0.21018884968691942117 0.03492832277299184190 0.05054904874778532592 0.00000000099999999991 0.03202942574842207457 
0.00000000099999999978 0.76958089171571242293 0.22967261686949516641 0.00074149962611237880 0.00000000099999999978 0.00000000099999999978 0.00000498878867997640 
0.00000000099999999993 0.66427362896123720581 0.16299063501705837731 0.14075794631648097521 0.00319405459634715568 0.00000000099999999993 0.02878373310887619857 
0.00000000099999999987 0.75630827851524407013 0.15129332386398461341 0.07052724627212850206 0.00000000099999999987 0.00000000099999999987 0.02187114834864286109 
0.00000000099999999983 0.75722067173743767832 0.17587510800166744618 0.05741958751922841137 0.00000000099999999983 0.00000000099999999983 0.00948462974166648654 
0.00000000099999999950 0.00000000099999999950 0.00000000099999999950 0.99999999400000005867 0.00000000099999999950 0.00000000099999999950 0.00000000099999999950 
0.00000000099999999944 0.00000000099999999944 0.00000000099999999944 0.99999999399999994765 0.00000000099999999944 0.00000000099999999944 0.00000000099999999944 
0.00000000099999999968 0.00000000099999999968 0.00000000099999999968 0.99999999400000005867 0.00000000099999999968 0.00000000099999999968 0.00000000099999999968 
0.00000000099999999964 0.00000000099999999964 0.04139449490905254547 0.95860550009094758206 0.00000000099999999964 0.00000000099999999964 0.00000000099999999964 
0.00000000099999999982 0.04146185431098049767 0.14226268404034858595 0.81627545764867104339 0.00000000099999999982 0.00000000099999999982 0.00000000099999999982 
0.00000000099999999949 0.00000000099999999949 0.00000000099999999949 0.99999999400000005867 0.00000000099999999949 0.00000000099999999949 0.00000000099999999949 
0.00000000099999999967 0.00000000099999999967 0.10349144410878866052 0.89650855089121128660 0.00000000099999999967 0.00000000099999999967 0.00000000099999999967 
0.00000000099999999945 0.00000000099999999945 0.00000000099999999945 0.99999999399999994765 0.00000000099999999945 0.00000000099999999945 0.00000000099999999945 
0.00000000099999999964 0.00000000099999999964 0.00000000099999999964 0.99999999399999994765 0.00000000099999999964 0.00000000099999999964 0.00000000099999999964 
0.00000000099999999950 0.00000000099999999950 0.00000000099999999950 0.99999999399999994765 0.00000000099999999950 0.00000000099999999950 0.00000000099999999950 
0.00000000099999999953 0.00000000099999999953 0.00000000099999999953 0.99999999400000005867 0.00000000099999999953 0.00000000099999999953 0.00000000099999999953 
0.00000000099999999972 0.00000000099999999972 0.00000000099999999972 0.99999999399999994765 0.00000000099999999972 0.00000000099999999972 0.00000000099999999972 
0.00000000099999999948 0.00000000099999999948 0.00000000099999999948 0.99999999399999994765 0.00000000099999999948 0.00000000099999999948 0.00000000099999999948 
0.00000000099999999980 0.18003483858490043623 0.07014731788922452804 0.74981783952587510722 0.00000000099999999980 0.00000000099999999980 0.00000000099999999980 
0.00000000099999999977 0.01049968106231440393 0.04594605074354242424 0.94355426419414323291 0.00000000099999999977 0.00000000099999999977 0.00000000099999999977 
0.00000000099999999959 0.00000000099999999959 0.00000000099999999959 0.99999999400000005867 0.00000000099999999959 0.00000000099999999959 0.00000000099999999959 
0.00000000099999999938 0.00000000099999999938 0.00000000099999999938 0.99999999399999994765 0.00000000099999999938 0.00000000099999999938 0.00000000099999999938 
0.00000000099999999944 0.00000000099999999944 0.00000000099999999944 0.99999999399999994765 0.00000000099999999944 0.00000000099999999944 0.00000000099999999944 
0.00000000099999999964 0.00000000099999999964 0.00000000099999999964 0.99999999400000005867 0.00000000099999999964 0.00000000099999999964 0.00000000099999999964 
0.00000000099999999992 0.09911036199427415705 0.01787982031463061089 0.88300981369109532437 0.00000000099999999992 0.00000000099999999992 0.00000000099999999992 
0.00000000099999999961 0.99999999400000005867 0.00000000099999999961 0.00000000099999999961 0.00000000099999999961 0.00000000099999999961 0.00000000099999999961 
0.00000000099999999970 0.99999999400000016969 0.00000000099999999970 0.00000000099999999970 0.00000000099999999970 0.00000000099999999970 0.00000000099999999970 
0.00000000099999999968 0.99999999400000016969 0.00000000099999999968 0.00000000099999999968 0.00000000099999999968 0.00000000099999999968 0.00000000099999999968 
0.00000000099999999940 0.00000000099999999940 0.99999999400000005867 0.00000000099999999940 0.00000000099999999940 0.00000000099999999940 0.00000000099999999940 
0.00000000099999999983 0.13033001624448234401 0.78349514234606010277 0.08617483740945751369 0.00000000099999999983 0.00000000099999999983 0.00000000099999999983 
0.00000000099999999939 0.00000000099999999939 0.99999999399999994765 0.00000000099999999939 0.00000000099999999939 0.00000000099999999939 0.00000000099999999939 
0.00000000099999999969 0.00000000099999999969 0.99999999400000005867 0.00000000099999999969 0.00000000099999999969 0.00000000099999999969 0.00000000099999999969 
0.00000000099999999945 0.00000000099999999945 0.99999999400000005867 0.00000000099999999945 0.00000000099999999945 0.00000000099999999945 0.00000000099999999945 
0.00000000099999999959 0.00000000099999999959 0.99999999400000005867 0.00000000099999999959 0.00000000099999999959 0.00000000099999999959 0.00000000099999999959 
0.00000000099999999964 0.00000000099999999964 0.99999999399999994765 0.00000000099999999964 0.00000000099999999964 0.00000000099999999964 0.00000000099999999964 
0.00000000099999999944 0.00000000099999999944 0.99999999400000005867 0.00000000099999999944 0.00000000099999999944 0.00000000099999999944 0.00000000099999999944 
0.00000000099999999939 0.00000000099999999939 0.99999999400000005867 0.00000000099999999939 0.00000000099999999939 0.00000000099999999939 0.00000000099999999939 
0.00000000099999999967 0.00000000099999999967 0.99999999400000005867 0.00000000099999999967 0.00000000099999999967 0.00000000099999999967 0.00000000099999999967 
0.00000000099999999942 0.00000000099999999942 0.99999999399999994765 0.00000000099999999942 0.00000000099999999942 0.00000000099999999942 0.00000000099999999942 
0.00000000099999999957 0.00000000099999999957 0.99999999399999994765 0.00000000099999999957 0.00000000099999999957 0.00000000099999999957 0.00000000099999999957 
0.00000000099999999947 0.00000000099999999947 0.99999999400000005867 0.00000000099999999947 0.00000000099999999947 0.00000000099999999947 0.00000000099999999947 
0.00000000099999999950 0.00000000099999999950 0.99999999399999994765 0.00000000099999999950 0.00000000099999999950 0.00000000099999999950 0.00000000099999999950 
0.00000000099999999979 0.05904644469382399480 0.69411614718769698573 0.24683740411847887586 0.00000000099999999979 0.00000000099999999979 0.00000000099999999979 
0.00000000099999999951 0.00000000099999999951 0.99999999399999994765 0.00000000099999999951 0.00000000099999999951 0.00000000099999999951 0.00000000099999999951 
0.00000000099999999938 0.00000000099999999938 0.99999999399999994765 0.00000000099999999938 0.00000000099999999938 0.00000000099999999938 0.00000000099999999938 
0.00000000099999999961 0.99999999400000016969 0.00000000099999999961 0.00000000099999999961 0.00000000099999999961 0.00000000099999999961 0.00000000099999999961 
0.00000000099999999962 0.99999999400000016969 0.00000000099999999962 0.00000000099999999962 0.00000000099999999962 0.00000000099999999962 0.00000000099999999962 
0.00000000099999999966 0.99999999400000005867 0.00000000099999999966 0.00000000099999999966 0.00000000099999999966 0.00000000099999999966 0.00000000099999999966 
0.00000000099999999964 0.99999999400000016969 0.00000000099999999964 0.00000000099999999964 0.00000000099999999964 0.00000000099999999964 0.00000000099999999964 
0.00000000099999999970 0.99999999400000005867 0.00000000099999999970 0.00000000099999999970 0.00000000099999999970 0.00000000099999999970 0.00000000099999999970 
0.00000000099999999975 0.99999999400000005867 0.00000000099999999975 0.00000000099999999975 0.00000000099999999975 0.00000000099999999975 0.00000000099999999975 
0.00000000099999999981 0.99999999400000016969 0.00000000099999999981 0.00000000099999999981 0.00000000099999999981 0.00000000099999999981 0.00000000099999999981 
0.00000000099999999978 0.99999999400000016969 0.00000000099999999978 0.00000000099999999978 0.00000000099999999978 0.00000000099999999978 0.00000000099999999978 
0.00000000099999999963 0.99999999400000016969 0.00000000099999999963 0.00000000099999999963 0.00000000099999999963 0.00000000099999999963 0.00000000099999999963 
0.00000000099999999965 0.99999999400000005867 0.00000000099999999965 0.00000000099999999965 0.00000000099999999965 0.00000000099999999965 0.00000000099999999965 
0.00000000099999999985 0.71342210254121174451 0.16183291025256449358 0.12474498320622372238 0.00000000099999999985 0.00000000099999999985 0.00000000099999999985 
0.00000000099999999960 0.99999999400000016969 0.00000000099999999960 0.00000000099999999960 0.00000000099999999960 0.00000000099999999960 0.00000000099999999960 
0.00000000099999999963 0.99999999400000005867 0.00000000099999999963 0.00000000099999999963 0.00000000099999999963 0.00000000099999999963 0.00000000099999999963 
0.00000000099999999960 0.99999999400000016969 0.00000000099999999960 0.00000000099999999960 0.00000000099999999960 0.00000000099999999960 0.00000000099999999960 
0.00000000099999999961 0.99999999400000005867 0.00000000099999999961 0.00000000099999999961 0.00000000099999999961 0.00000000099999999961 0.00000000099999999961 
0.00000000099999999976 0.96483612220264924897 0.03516387279735093407 0.00000000099999999976 0.00000000099999999976 0.00000000099999999976 0.00000000099999999976 
0.00000000099999999969 0.99999999400000005867 0.00000000099999999969 0.00000000099999999969 0.00000000099999999969 0.00000000099999999969 0.00000000099999999969 
0.00000000099999999984 0.72385200188801568366 0.14165447553769497380 0.13449351857428951118 0.00000000099999999984 0.00000000099999999984 0.00000000099999999984 
0.00000000099999999991 0.75193806266211660194 0.12520326142599283448 0.12285867191189063508 0.00000000099999999991 0.00000000099999999991 0.00000000099999999991 
