0.00000000099999999933 0.99999999300000008695 0.00000000099999999933 0.00000000099999999933 0.00000000099999999933 0.00000000099999999933 0.00000000099999999933 0.00000000099999999933 
0.00000000099999999940 0.99999999300000019797 0.00000000099999999940 0.00000000099999999940 0.00000000099999999940 0.00000000099999999940 0.00000000099999999940 0.00000000099999999940 
0.00000000099999999934 0.99999999300000008695 0.00000000099999999934 0.00000000099999999934 0.00000000099999999934 0.00000000099999999934 0.00000000099999999934 0.00000000099999999934 
0.00000000099999999929 0.00000000099999999929 0.00000000099999999929 0.00000000099999999929 0.00000000099999999929 0.00000000099999999929 0.99999999299999997593 0.00000000099999999929 
0.00000000099999999916 0.00000000099999999916 0.00000000099999999916 0.00000000099999999916 0.00000000099999999916 0.00000000099999999916 0.99999999299999986491 0.00000000099999999916 
0.00000000099999999928 0.00000000099999999928 0.00000000099999999928 0.00000000099999999928 0.00000000099999999928 0.00000000099999999928 0.99999999299999986491 0.00000000099999999928 
0.00000000099999999933 0.99999999300000019797 0.00000000099999999933 0.00000000099999999933 0.00000000099999999933 0.00000000099999999933 0.00000000099999999933 0.00000000099999999933 
0.00000000099999999939 0.99999999300000019797 0.00000000099999999939 0.00000000099999999939 0.00000000099999999939 0.00000000099999999939 0.00000000099999999939 0.00000000099999999939 
0.00000000099999999936 0.99999999300000008695 0.00000000099999999936 0.00000000099999999936 0.00000000099999999936 0.00000000099999999936 0.00000000099999999936 0.00000000099999999936 
0.00000000099999999936 0.99999999300000008695 0.00000000099999999936 0.00000000099999999936 0.00000000099999999936 0.00000000099999999936 0.00000000099999999936 0.00000000099999999936 
0.00000000099999999936 0.99999999300000008695 0.00000000099999999936 0.00000000099999999936 0.00000000099999999936 0.00000000099999999936 0.00000000099999999936 0.00000000099999999936 
0.00000000099999999937 0.99999999300000008695 0.00000000099999999937 0.00000000099999999937 0.00000000099999999937 0.00000000099999999937 0.00000000099999999937 0.00000000099999999937 
0.00000000099999999928 0.00000000099999999928 0.00000000099999999928 0.00000000099999999928 0.00000000099999999928 0.00000000099999999928 0.99999999299999997593 0.00000000099999999928 
0.00000000099999999913 0.00000000099999999913 0.00000000099999999913 0.00000000099999999913 0.00000000099999999913 0.00000000099999999913 0.99999999299999986491 0.00000000099999999913 
0.00000000099999999924 0.00000000099999999924 0.00000000099999999924 0.00000000099999999924 0.00000000099999999924 0.00000000099999999924 0.99999999299999986491 0.00000000099999999924 
0.00000000099999999925 0.00000000099999999925 0.00000000099999999925 0.00000000099999999925 0.00000000099999999925 0.00000000099999999925 0.99999999299999986491 0.00000000099999999925 
0.00000000099999999922 0.00000000099999999922 0.00000000099999999922 0.00000000099999999922 0.00000000099999999922 0.00000000099999999922 0.99999999299999986491 0.00000000099999999922 
0.00000000099999999922 0.00000000099999999922 0.00000000099999999922 0.00000000099999999922 0.00000000099999999922 0.00000000099999999922 0.99999999299999997593 0.00000000099999999922 
0.00000000099999999933 0.99999999300000008695 0.00000000099999999933 0.00000000099999999933 0.00000000099999999933 0.00000000099999999933 0.00000000099999999933 0.00000000099999999933 
0.00000000099999999974 0.65818447131170665365 0.00000000099999999974 0.00000000099999999974 0.00000000099999999974 0.00000000099999999974 0.34181552268829334951 0.00000000099999999974 
0.00000000099999999933 0.99999999300000019797 0.00000000099999999933 0.00000000099999999933 0.00000000099999999933 0.00000000099999999933 0.00000000099999999933 0.00000000099999999933 
0.00000000099999999977 0.66056321932027728394 0.00000000099999999977 0.00000000099999999977 0.00000000099999999977 0.00000000099999999977 0.33943677467972283024 0.00000000099999999977 
0.00000000099999999931 0.99999999300000008695 0.00000000099999999931 0.00000000099999999931 0.00000000099999999931 0.00000000099999999931 0.00000000099999999931 0.00000000099999999931 
0.00000000099999999956 0.99999999300000019797 0.00000000099999999956 0.00000000099999999956 0.00000000099999999956 0.00000000099999999956 0.00000000099999999956 0.00000000099999999956 
0.00000000099999999925 0.99999999300000019797 0.00000000099999999925 0.00000000099999999925 0.00000000099999999925 0.00000000099999999925 0.00000000099999999925 0.00000000099999999925 
0.00000000099999999979 0.61937424024866971628 0.00000000099999999979 0.00000000099999999979 0.00000000099999999979 0.00000000099999999979 0.38062575375133045341 0.00000000099999999979 
0.00000000099999999924 0.99999999300000008695 0.00000000099999999924 0.00000000099999999924 0.00000000099999999924 0.00000000099999999924 0.00000000099999999924 0.00000000099999999924 
0.00000000099999999936 0.99999999300000019797 0.00000000099999999936 0.00000000099999999936 0.00000000099999999936 0.00000000099999999936 0.00000000099999999936 0.00000000099999999936 
0.00000000099999999928 0.99999999300000019797 0.00000000099999999928 0.00000000099999999928 0.00000000099999999928 0.00000000099999999928 0.00000000099999999928 0.00000000099999999928 
0.00000000099999999931 0.99999999300000019797 0.00000000099999999931 0.00000000099999999931 0.00000000099999999931 0.00000000099999999931 0.00000000099999999931 0.00000000099999999931 
0.00000000099999999958 0.99999999300000008695 0.00000000099999999958 0.00000000099999999958 0.00000000099999999958 0.00000000099999999958 0.00000000099999999958 0.00000000099999999958 
0.00000000099999999942 0.99999999300000008695 0.00000000099999999942 0.00000000099999999942 0.00000000099999999942 0.00000000099999999942 0.00000000099999999942 0.00000000099999999942 
0.00000000099999999942 0.99999999300000019797 0.00000000099999999942 0.00000000099999999942 0.00000000099999999942 0.00000000099999999942 0.00000000099999999942 0.00000000099999999942 
0.00000000099999999967 0.66335536216625423656 0.00000000099999999967 0.00000000099999999967 0.00000000099999999967 0.00000000099999999967 0.33664463183374582211 0.00000000099999999967 
0.00000000099999999965 0.99999999300000019797 0.00000000099999999965 0.00000000099999999965 0.00000000099999999965 0.00000000099999999965 0.00000000099999999965 0.00000000099999999965 
0.00000000099999999941 0.99999999300000019797 0.00000000099999999941 0.00000000099999999941 0.00000000099999999941 0.00000000099999999941 0.00000000099999999941 0.00000000099999999941 
0.00000000099999999935 0.99999999300000008695 0.00000000099999999935 0.00000000099999999935 0.00000000099999999935 0.00000000099999999935 0.00000000099999999935 0.00000000099999999935 
0.00000000099999999937 0.99999999300000019797 0.00000000099999999937 0.00000000099999999937 0.00000000099999999937 0.00000000099999999937 0.00000000099999999937 0.00000000099999999937 
0.00000000099999999929 0.00000000099999999929 0.99999999299999997593 0.00000000099999999929 0.00000000099999999929 0.00000000099999999929 0.00000000099999999929 0.00000000099999999929 
0.00000000099999999934 0.00000000099999999934 0.99999999299999997593 0.00000000099999999934 0.00000000099999999934 0.00000000099999999934 0.00000000099999999934 0.00000000099999999934 
0.00000000099999999989 0.00000000099999999989 0.76148956602810446981 0.02662118307147619614 0.00000000099999999989 0.21188920720463938485 0.00000000099999999989 0.00000003969577995189 
0.00000000099999999950 0.00000000099999999950 0.99999999300000008695 0.00000000099999999950 0.00000000099999999950 0.00000000099999999950 0.00000000099999999950 0.00000000099999999950 
0.00000000099999999926 0.00000000099999999926 0.99999999300000008695 0.00000000099999999926 0.00000000099999999926 0.00000000099999999926 0.00000000099999999926 0.00000000099999999926 
0.00000000099999999935 0.00000000099999999935 0.99999999300000008695 0.00000000099999999935 0.00000000099999999935 0.00000000099999999935 0.00000000099999999935 0.00000000099999999935 
0.00000000099999999939 0.00000000099999999939 0.99999999300000008695 0.00000000099999999939 0.00000000099999999939 0.00000000099999999939 0.00000000099999999939 0.00000000099999999939 
0.00000000099999999932 0.00000000099999999932 0.99999999300000008695 0.00000000099999999932 0.00000000099999999932 0.00000000099999999932 0.00000000099999999932 0.00000000099999999932 
0.00000000099999999934 0.00000000099999999934 0.99999999300000008695 0.00000000099999999934 0.00000000099999999934 0.00000000099999999934 0.00000000099999999934 0.00000000099999999934 
0.00000000099999999996 0.00000000099999999996 0.73939121668093077400 0.04395258336460824283 0.00001460381394674388 0.17740988752105060766 0.00000000099999999996 0.03923170561946368040 
0.00000000099999999935 0.00000000099999999935 0.99999999299999997593 0.00000000099999999935 0.00000000099999999935 0.00000000099999999935 0.00000000099999999935 0.00000000099999999935 
0.00000000099999999939 0.00000000099999999939 0.99999999299999997593 0.00000000099999999939 0.00000000099999999939 0.00000000099999999939 0.00000000099999999939 0.00000000099999999939 
0.00000000099999999945 0.00000000099999999945 0.99999999300000008695 0.00000000099999999945 0.00000000099999999945 0.00000000099999999945 0.00000000099999999945 0.00000000099999999945 
0.00000000099999999948 0.00000000099999999948 0.99999999300000008695 0.00000000099999999948 0.00000000099999999948 0.00000000099999999948 0.00000000099999999948 0.00000000099999999948 
0.00000000099999999949 0.00000000099999999949 0.99999999300000008695 0.00000000099999999949 0.00000000099999999949 0.00000000099999999949 0.00000000099999999949 0.00000000099999999949 
0.00000000099999999937 0.00000000099999999937 0.99999999300000008695 0.00000000099999999937 0.00000000099999999937 0.00000000099999999937 0.00000000099999999937 0.00000000099999999937 
0.00000000099999999940 0.00000000099999999940 0.99999999299999997593 0.00000000099999999940 0.00000000099999999940 0.00000000099999999940 0.00000000099999999940 0.00000000099999999940 
0.00000000099999999953 0.00000000099999999953 0.99999999299999997593 0.00000000099999999953 0.00000000099999999953 0.00000000099999999953 0.00000000099999999953 0.00000000099999999953 
0.00000000099999999953 0.00000000099999999953 0.99999999300000008695 0.00000000099999999953 0.00000000099999999953 0.00000000099999999953 0.00000000099999999953 0.00000000099999999953 
0.00000000099999999999 0.00000000099999999999 0.34060609576062927939 0.13149755283371369896 0.07280990495823543018 0.23780169268737966215 0.04492481676643980681 0.17235993499360199865 
0.11820419885965574580 0.00000000099999999999 0.35629599041236398316 0.15818229599046892964 0.02772330566899073451 0.24464174209715300323 0.00046907183983656146 0.09448339413153125643 
0.01852505615596032953 0.00000000099999999996 0.31389766802415974833 0.13063927429785088252 0.11645714528145761912 0.28976025000683292010 0.00000000099999999996 0.13072060423373862981 
0.08277001922745842732 0.00000000099999999998 0.31968449822570671470 0.17520473053993643187 0.06530292649205793332 0.28955017464212812195 0.00000000099999999998 0.06748764887271260782 
0.03069533186342790834 0.00000000100000000000 0.33366508671276556841 0.17831747034554798481 0.04287286828576195724 0.27860671127622393950 0.01746169743047220474 0.11838083308580049646 
0.10621798013651534420 0.00000000099999999997 0.38438772316487990199 0.15447432075353645375 0.00000000099999999997 0.26102799039214796828 0.00000000099999999997 0.09389198255292025008 
0.06975753784392337009 0.00000000099999999999 0.31742894139989735747 0.11063018642157833316 0.08091140314275571677 0.29601932172037875857 0.00000000099999999999 0.12525260747146638174 
0.06614357082696090129 0.02391521127060591140 0.32266737842619463983 0.12519439700848827846 0.03437183179176345194 0.30189063236622687425 0.00000000099999999999 0.12581697730975993643 
0.02976408392573954426 0.00000000099999999999 0.30520562320161703784 0.15552396959414516164 0.05401467543714376374 0.40151482640590646644 0.01444824856093192278 0.03952857187451605525 
0.07401640363363151676 0.00000000099999999995 0.31051407331869967932 0.10192517117094139489 0.00000000099999999995 0.51354434787672742502 0.00000000099999999995 0.00000000099999999995 
0.06980406626594476416 0.02169396221162107549 0.33690785883513274523 0.10467495892898182053 0.01515637791923360282 0.34179079394040323692 0.00486101547838626441 0.10511096642029647830 
0.08582657867620308023 0.00000000099999999997 0.39779774073611368079 0.12762229633102298298 0.00182974680395306009 0.29678968530161181638 0.00000000099999999997 0.09013395015109522401 
0.09008365516811281393 0.00000000099999999994 0.33619195316605882118 0.12761770332289060215 0.00000000099999999994 0.44610668434293787588 0.00000000099999999994 0.00000000099999999994 
0.02931766384263948672 0.01840302557798409455 0.27638474752168923354 0.17312941797098035934 0.05250780387079972272 0.42804082016415173628 0.00882149165434112544 0.01339502939741431600 
0.07405097716439584810 0.00000000099999999994 0.34703270695100907339 0.13491712882834488996 0.00000000099999999994 0.44399918305625019066 0.00000000099999999994 0.00000000099999999994 
0.09821871292411564480 0.00747956941246592441 0.31470590942711801352 0.14803565304479365805 0.00000000099999999999 0.43156015219150684059 0.00000000099999999999 0.00000000099999999999 
0.06887770971225180838 0.00000000099999999996 0.35224265371970631122 0.13068271580028936740 0.00000000099999999996 0.44819691676775258449 0.00000000099999999996 0.00000000099999999996 
0.19884666756005192623 0.00000000099999999983 0.00000000099999999983 0.00000000099999999983 0.80115332643994796591 0.00000000099999999983 0.00000000099999999983 0.00000000099999999983 
0.29779846351130795368 0.00000000099999999977 0.00000000099999999977 0.00000000099999999977 0.70220153048869193846 0.00000000099999999977 0.00000000099999999977 0.00000000099999999977 
0.27090904196016762917 0.00000000099999999982 0.00000000099999999982 0.00000000099999999982 0.72909095203983231848 0.00000000099999999982 0.00000000099999999982 0.00000000099999999982 
0.21894556281511901030 0.00000000099999999986 0.00000000099999999986 0.00000000099999999986 0.78105443118488093734 0.00000000099999999986 0.00000000099999999986 0.00000000099999999986 
0.08498506762859930896 0.00000000099999999969 0.00000000099999999969 0.00000000099999999969 0.91501492637140080522 0.00000000099999999969 0.00000000099999999969 0.00000000099999999969 
0.24617740924734490826 0.00000000099999999989 0.00000000099999999989 0.00000000099999999989 0.74029204041255036728 0.00000000099999999989 0.01353054534010473230 0.00000000099999999989 
0.25499602558383061002 0.00000000099999999982 0.00000000099999999982 0.00000000099999999982 0.74500396841616922661 0.00000000099999999982 0.00000000099999999982 0.00000000099999999982 
0.17412921837252970381 0.00000000099999999988 0.00000000099999999988 0.00000000099999999988 0.82587077562747035486 0.00000000099999999988 0.00000000099999999988 0.00000000099999999988 
0.08276157611777229528 0.00000000099999999967 0.00000000099999999967 0.00000000099999999967 0.91723841788222770788 0.00000000099999999967 0.00000000099999999967 0.00000000099999999967 
0.21881540888312989157 0.00000000099999999981 0.00000000099999999981 0.00000000099999999981 0.78118458511687016710 0.00000000099999999981 0.00000000099999999981 0.00000000099999999981 
0.25811940290289386857 0.00000000099999999991 0.00000000099999999991 0.00000000099999999991 0.71578180287249459912 0.00000000099999999991 0.02609878922461134412 0.00000000099999999991 
0.22569760046874559611 0.00000000099999999993 0.00000000099999999993 0.00000000099999999993 0.77430239353125429602 0.00000000099999999993 0.00000000099999999993 0.00000000099999999993 
0.18126153123872171258 0.00000000099999999982 0.00000000099999999982 0.00000000099999999982 0.81873846276127837385 0.00000000099999999982 0.00000000099999999982 0.00000000099999999982 
0.08675052062672175546 0.00000000099999999971 0.00000000099999999971 0.00000000099999999971 0.91324947337327821995 0.00000000099999999971 0.00000000099999999971 0.00000000099999999971 
0.19115971334361384071 0.00000000099999999975 0.00000000099999999975 0.00000000099999999975 0.80884028065638613469 0.00000000099999999975 0.00000000099999999975 0.00000000099999999975 
0.20017076397434710455 0.00000000099999999992 0.00000000099999999992 0.00000000099999999992 0.79691629591665924526 0.00000000099999999992 0.00291293510899362984 0.00000000099999999992 
0.23550332491251588229 0.00000000099999999969 0.00000000099999999969 0.00000000099999999969 0.76449666908748425964 0.00000000099999999969 0.00000000099999999969 0.00000000099999999969 
0.82268629168509899152 0.00000000099999999979 0.00000000099999999979 0.00000000099999999979 0.17731370231490126144 0.00000000099999999979 0.00000000099999999979 0.00000000099999999979 
0.99999999300000008695 0.00000000099999999979 0.00000000099999999979 0.00000000099999999979 0.00000000099999999979 0.00000000099999999979 0.00000000099999999979 0.00000000099999999979 
0.99999999300000008695 0.00000000099999999952 0.00000000099999999952 0.00000000099999999952 0.00000000099999999952 0.00000000099999999952 0.00000000099999999952 0.00000000099999999952 
0.37731451877003518991 0.00000000099999999974 0.00000000099999999974 0.00000000099999999974 0.62268547522996464672 0.00000000099999999974 0.00000000099999999974 0.00000000099999999974 
0.99999999300000019797 0.00000000099999999950 0.00000000099999999950 0.00000000099999999950 0.00000000099999999950 0.00000000099999999950 0.00000000099999999950 0.00000000099999999950 
0.79278857489229348499 0.00000000099999999974 0.00000000099999999974 0.00000000099999999974 0.20721141910770665695 0.00000000099999999974 0.00000000099999999974 0.00000000099999999974 
0.99999999300000019797 0.00000000099999999926 0.00000000099999999926 0.00000000099999999926 0.00000000099999999926 0.00000000099999999926 0.00000000099999999926 0.00000000099999999926 
0.99999999300000019797 0.00000000099999999942 0.00000000099999999942 0.00000000099999999942 0.00000000099999999942 0.00000000099999999942 0.00000000099999999942 0.00000000099999999942 
0.99999999300000008695 0.00000000099999999937 0.00000000099999999937 0.00000000099999999937 0.00000000099999999937 0.00000000099999999937 0.00000000099999999937 0.00000000099999999937 
0.49839906364384772841 0.00000000099999999983 0.00000000099999999983 0.00000000099999999983 0.50160093035615205270 0.00000000099999999983 0.00000000099999999983 0.00000000099999999983 
0.65915362358142348675 0.00000000099999999974 0.00000000099999999974 0.00000000099999999974 0.34084637041857668294 0.00000000099999999974 0.00000000099999999974 0.00000000099999999974 
0.90105855344889151937 0.00000000099999999972 0.00000000099999999972 0.00000000099999999972 0.09894144055110849767 0.00000000099999999972 0.00000000099999999972 0.00000000099999999972 
0.78426099051396602757 0.00000000099999999966 0.00000000099999999966 0.00000000099999999966 0.21573900348603416988 0.00000000099999999966 0.00000000099999999966 0.00000000099999999966 
0.99999999300000008695 0.00000000099999999941 0.00000000099999999941 0.00000000099999999941 0.00000000099999999941 0.00000000099999999941 0.00000000099999999941 0.00000000099999999941 
0.79607457420068616916 0.00000000099999999985 0.00000000099999999985 0.00000000099999999985 0.20392541979931394502 0.00000000099999999985 0.00000000099999999985 0.00000000099999999985 
0.83862698531855328632 0.00000000099999999970 0.00000000099999999970 0.00000000099999999970 0.16137300868144680011 0.00000000099999999970 0.00000000099999999970 0.00000000099999999970 
0.28544215135405121009 0.00000000099999999973 0.00000000099999999973 0.00000000099999999973 0.71455784264594868205 0.00000000099999999973 0.00000000099999999973 0.00000000099999999973 
0.21385462675335628613 0.00000000099999999995 0.00000000099999999995 0.00000000099999999995 0.73328279682317065724 0.00000000099999999995 0.03441908026494376605 0.01844349215852920248 
0.22861472485399758625 0.00000000099999999982 0.00000000099999999982 0.00000000099999999982 0.77138526914600258344 0.00000000099999999982 0.00000000099999999982 0.00000000099999999982 
0.00000000099999999978 0.00000000099999999978 0.00000000099999999978 0.00000000099999999978 0.99999999299999997593 0.00000000099999999978 0.00000000099999999978 0.00000000099999999978 
0.12420693471054322643 0.00000000099999999994 0.00000000099999999994 0.00000000099999999994 0.83641203329655511300 0.00000000099999999994 0.03938102699290167014 0.00000000099999999994 
0.04496039789550541205 0.00000000099999999973 0.00000000099999999973 0.00000000099999999973 0.95503959610449462581 0.00000000099999999973 0.00000000099999999973 0.00000000099999999973 
0.20654360494730511499 0.00000000099999999990 0.00000000099999999990 0.00000000099999999990 0.79345638905269488816 0.00000000099999999990 0.00000000099999999990 0.00000000099999999990 
0.00000000099999999967 0.00000000099999999967 0.00000000099999999967 0.00000000099999999967 0.99999999300000008695 0.00000000099999999967 0.00000000099999999967 0.00000000099999999967 
0.23523543529528015417 0.00000000099999999990 0.00000000099999999990 0.00000000099999999990 0.76476455870471993226 0.00000000099999999990 0.00000000099999999990 0.00000000099999999990 
0.00266987641979089200 0.00000000099999999979 0.00000000099999999979 0.00000000099999999979 0.99733011758020917448 0.00000000099999999979 0.00000000099999999979 0.00000000099999999979 
0.00033522472565453528 0.00000000099999999976 0.00000000099999999976 0.00000000099999999976 0.99966476927434555488 0.00000000099999999976 0.00000000099999999976 0.00000000099999999976 
0.00000000099999999964 0.00000000099999999964 0.00000000099999999964 0.00000000099999999964 0.99999999300000008695 0.00000000099999999964 0.00000000099999999964 0.00000000099999999964 
0.00000000099999999966 0.00000000099999999966 0.00000000099999999966 0.00000000099999999966 0.99999999299999997593 0.00000000099999999966 0.00000000099999999966 0.00000000099999999966 
0.00000000099999999961 0.00000000099999999961 0.00000000099999999961 0.00000000099999999961 0.99999999299999997593 0.00000000099999999961 0.00000000099999999961 0.00000000099999999961 
0.15167387673946328142 0.00000000099999999995 0.00000000099999999995 0.04718980811805027070 0.80113631014248642970 0.00000000099999999995 0.00000000099999999995 0.00000000099999999995 
0.00000000099999999971 0.00000000099999999971 0.00000000099999999971 0.00000000099999999971 0.99999999300000008695 0.00000000099999999971 0.00000000099999999971 0.00000000099999999971 
0.20755688390565002477 0.00000000099999999990 0.00000000099999999990 0.00000000099999999990 0.75649714132502288155 0.00000000099999999990 0.03594596976932694365 0.00000000099999999990 
0.06071404150958425311 0.00000000099999999970 0.00000000099999999970 0.00000000099999999970 0.93928595249041579862 0.00000000099999999970 0.00000000099999999970 0.00000000099999999970 
0.12213079383630245922 0.00000000099999999979 0.00000000099999999979 0.00000000099999999979 0.87786920016369751618 0.00000000099999999979 0.00000000099999999979 0.00000000099999999979 
0.10991040641834003144 0.00000000099999999978 0.00000000099999999978 0.00000000099999999978 0.89008958758166001335 0.00000000099999999978 0.00000000099999999978 0.00000000099999999978 
0.07779192140624019425 0.00000000099999999977 0.00000000099999999977 0.00000000099999999977 0.92220807259375991993 0.00000000099999999977 0.00000000099999999977 0.00000000099999999977 
0.22343330242293205079 0.00000000099999999985 0.00000000099999999985 0.00000000099999999985 0.77656669157706781359 0.00000000099999999985 0.00000000099999999985 0.00000000099999999985 
0.16016748968134086883 0.00138310556995156504 0.00000000099999999988 0.00000000099999999988 0.83844939974870758004 0.00000000099999999988 0.00000000099999999988 0.00000000099999999988 
0.08807727174931231917 0.00000000099999999975 0.00000000099999999975 0.00000000099999999975 0.91192272225068771174 0.00000000099999999975 0.00000000099999999975 0.00000000099999999975 
0.17024689243702093022 0.00000000099999999994 0.02947294183978517446 0.00000000099999999994 0.80028016072319396734 0.00000000099999999994 0.00000000099999999994 0.00000000099999999994 
0.06984191934936040402 0.00000000099999999970 0.00000000099999999970 0.00000000099999999970 0.93015807465063959913 0.00000000099999999970 0.00000000099999999970 0.00000000099999999970 
0.75082418361794434070 0.00000000099999999970 0.00000000099999999970 0.00000000099999999970 0.24917581038205577348 0.00000000099999999970 0.00000000099999999970 0.00000000099999999970 
0.09369217864027003240 0.00000000099999999978 0.00000000099999999978 0.00000000099999999978 0.90630781535972992913 0.00000000099999999978 0.00000000099999999978 0.00000000099999999978 
0.23229572881373475313 0.00000000099999999979 0.00000000099999999979 0.00000000099999999979 0.76770426518626522228 0.00000000099999999979 0.00000000099999999979 0.00000000099999999979 
0.18043384401707363018 0.00000000099999999983 0.00000000099999999983 0.00000000099999999983 0.81956614998292642849 0.00000000099999999983 0.00000000099999999983 0.00000000099999999983 
0.00000000099999999996 0.00000000099999999996 0.04404088099851722476 0.19338333975440322177 0.02842086185277196628 0.46871954437683160943 0.00710982511699740412 0.25832554590047857035 
0.00000000099999999991 0.00000000099999999991 0.07210917533259840473 0.19423340875106906434 0.00000000099999999991 0.60951017099638293839 0.00000000099999999991 0.12414724091994967792 
0.02193893986365113083 0.00000000099999999994 0.02961156480899557880 0.18590906219419298107 0.00000000099999999994 0.57569541257050027561 0.00000000099999999994 0.18684501756266011507 
0.00000000099999999986 0.00000000099999999986 0.04492837359680831172 0.34138039710491419054 0.00000000099999999986 0.53558713820789427551 0.00000000099999999986 0.07810408709038303698 
0.01998430849303976103 0.00000000099999999997 0.04076719758844762204 0.16978509227647603508 0.11457660650076910425 0.54749061905407914175 0.00000000099999999997 0.10739617408718833691 
0.00000000099999999991 0.00000000099999999991 0.05881177821163496855 0.20004286198033385813 0.05169927473764619058 0.56927059827387294089 0.00000000099999999991 0.12017548379651220303 
0.00000000099999999995 0.00000000099999999995 0.04904020055844866138 0.22582318887489291614 0.04006444990412213331 0.52783292832566575115 0.00000000099999999995 0.15723922933687067838 
0.03967521507346707249 0.00000000099999999994 0.00000000099999999994 0.15645589376834878603 0.00000000099999999994 0.63487857919719015154 0.00000000099999999994 0.16899030796099384633 
0.00000000099999999982 0.00000000099999999982 0.01570855617870895934 0.20771049140529085353 0.00000000099999999982 0.74971757349775158819 0.00000000099999999982 0.02686337491824864962 
0.00000000099999999980 0.00000000099999999980 0.00000000099999999980 0.22597024017168279575 0.00000000099999999980 0.74310371590908441686 0.00000000099999999980 0.03092603891923283166 
0.00000000099999999992 0.00000000099999999992 0.00000000099999999992 0.15704858924205147841 0.00000000099999999992 0.81872587154106457596 0.00000000099999999992 0.02422553421688402805 
0.00000000099999999989 0.00000000099999999989 0.00689636225899897034 0.18966072480240822595 0.00000000099999999989 0.77768634227432809070 0.00000000099999999989 0.02575656666426470384 
0.01075595137280307631 0.00000000099999999995 0.00000000099999999995 0.20870907680785497074 0.06053880636425452988 0.66236121953794724337 0.00000000099999999995 0.05763494291714020556 
0.00000000099999999979 0.00000000099999999979 0.00000000099999999979 0.24243105041451931680 0.00000000099999999979 0.75756894358548065860 0.00000000099999999979 0.00000000099999999979 
0.02339350100820758796 0.00000000099999999995 0.03537021216532326012 0.21097843697712151401 0.00494711772759491315 0.60270600296447862654 0.00000000099999999995 0.12260472715727396831 
0.00000000099999999989 0.00000000099999999989 0.02845535014188017159 0.20655166352684678488 0.05619969255979580247 0.67313651869581780929 0.00000000099999999989 0.03565677207565941254 
0.00000000099999999974 0.00000000099999999974 0.00005170466904618745 0.22511739611551276341 0.00000000099999999974 0.77154518354859868978 0.00000000099999999974 0.00328571166684248897 
0.00000000099999999992 0.00000000099999999992 0.02502803992288369500 0.16693990988003895581 0.00544724161149155988 0.65961651497250506360 0.00000000099999999992 0.14296829061308066744 
0.00000000099999999985 0.00000000099999999985 0.02255325992768684659 0.15320220172434656503 0.00000000099999999985 0.75502425924627503129 0.00000000099999999985 0.06922027510169163900 
0.00000000099999999979 0.00000000099999999979 0.01102526599849373325 0.17495540839072648565 0.00000000099999999979 0.75548969135957710908 0.00000000099999999979 0.05852963025120275914 
0.00000000099999999938 0.00000000099999999938 0.00000000099999999938 0.00000000099999999938 0.00000000099999999938 0.00000000099999999938 0.00000000099999999938 0.99999999299999997593 
0.00000000099999999932 0.00000000099999999932 0.00000000099999999932 0.00000000099999999932 0.00000000099999999932 0.00000000099999999932 0.00000000099999999932 0.99999999300000008695 
0.00000000099999999961 0.00000000099999999961 0.00000000099999999961 0.00000000099999999961 0.00000000099999999961 0.00000000099999999961 0.00000000099999999961 0.99999999300000008695 
0.00000000099999999955 0.00000000099999999955 0.00000000099999999955 0.03792208756916690127 0.00000000099999999955 0.00000000099999999955 0.00000000099999999955 0.96207790643083312965 
0.00000000099999999976 0.00000000099999999976 0.00000000099999999976 0.14454826474576640272 0.00000000099999999976 0.03699706448923687635 0.00000000099999999976 0.81845466576499659173 
0.00000000099999999938 0.00000000099999999938 0.00000000099999999938 0.00000000099999999938 0.00000000099999999938 0.00000000099999999938 0.00000000099999999938 0.99999999300000008695 
0.00000000099999999959 0.00000000099999999959 0.00000000099999999959 0.10186698436430452475 0.00000000099999999959 0.00000000099999999959 0.00000000099999999959 0.89813300963569553392 
0.00000000099999999932 0.00000000099999999932 0.00000000099999999932 0.00000000099999999932 0.00000000099999999932 0.00000000099999999932 0.00000000099999999932 0.99999999299999997593 
0.00000000099999999955 0.00000000099999999955 0.00000000099999999955 0.00000000099999999955 0.00000000099999999955 0.00000000099999999955 0.00000000099999999955 0.99999999299999997593 
0.00000000099999999938 0.00000000099999999938 0.00000000099999999938 0.00000000099999999938 0.00000000099999999938 0.00000000099999999938 0.00000000099999999938 0.99999999299999997593 
0.00000000099999999943 0.00000000099999999943 0.00000000099999999943 0.00000000099999999943 0.00000000099999999943 0.00000000099999999943 0.00000000099999999943 0.99999999300000008695 
0.00000000099999999964 0.00000000099999999964 0.00000000099999999964 0.00000000099999999964 0.00000000099999999964 0.00000000099999999964 0.00000000099999999964 0.99999999300000008695 
0.00000000099999999936 0.00000000099999999936 0.00000000099999999936 0.00000000099999999936 0.00000000099999999936 0.00000000099999999936 0.00000000099999999936 0.99999999300000008695 
0.00000000099999999975 0.00000000099999999975 0.00000000099999999975 0.06780833061091268155 0.00000000099999999975 0.18554677293188215348 0.00000000099999999975 0.74664489145720513985 
0.00000000099999999970 0.00000000099999999970 0.00000000099999999970 0.04342169846228785546 0.00000000099999999970 0.00985331247590854123 0.00000000099999999970 0.94672498406180372044 
0.00000000099999999950 0.00000000099999999950 0.00000000099999999950 0.00000000099999999950 0.00000000099999999950 0.00000000099999999950 0.00000000099999999950 0.99999999299999997593 
0.00000000099999999924 0.00000000099999999924 0.00000000099999999924 0.00000000099999999924 0.00000000099999999924 0.00000000099999999924 0.00000000099999999924 0.99999999299999997593 
0.00000000099999999932 0.00000000099999999932 0.00000000099999999932 0.00000000099999999932 0.00000000099999999932 0.00000000099999999932 0.00000000099999999932 0.99999999300000008695 
0.00000000099999999956 0.00000000099999999956 0.00000000099999999956 0.00000000099999999956 0.00000000099999999956 0.00000000099999999956 0.00000000099999999956 0.99999999300000008695 
0.00000000099999999991 0.00000000099999999991 0.00000000099999999991 0.01610877200312343591 0.00000000099999999991 0.09888887256144200666 0.00000000099999999991 0.88500235043543462599 
0.00000000099999999950 0.00000000099999999950 0.00000000099999999950 0.00000000099999999950 0.00000000099999999950 0.99999999299999997593 0.00000000099999999950 0.00000000099999999950 
0.00000000099999999962 0.00000000099999999962 0.00000000099999999962 0.00000000099999999962 0.00000000099999999962 0.99999999300000008695 0.00000000099999999962 0.00000000099999999962 
0.00000000099999999959 0.00000000099999999959 0.00000000099999999959 0.00000000099999999959 0.00000000099999999959 0.99999999300000008695 0.00000000099999999959 0.00000000099999999959 
0.00000000099999999925 0.00000000099999999925 0.00000000099999999925 0.99999999299999997593 0.00000000099999999925 0.00000000099999999925 0.00000000099999999925 0.00000000099999999925 
0.00000000099999999979 0.00000000099999999979 0.00000000099999999979 0.77842730493623080168 0.00000000099999999979 0.13454019509243253516 0.00000000099999999979 0.08703249497133649926 
0.00000000099999999925 0.00000000099999999925 0.00000000099999999925 0.99999999300000008695 0.00000000099999999925 0.00000000099999999925 0.00000000099999999925 0.00000000099999999925 
0.00000000099999999963 0.00000000099999999963 0.00000000099999999963 0.99999999300000008695 0.00000000099999999963 0.00000000099999999963 0.00000000099999999963 0.00000000099999999963 
0.00000000099999999933 0.00000000099999999933 0.00000000099999999933 0.99999999300000008695 0.00000000099999999933 0.00000000099999999933 0.00000000099999999933 0.00000000099999999933 
0.00000000099999999947 0.00000000099999999947 0.00000000099999999947 0.99999999299999997593 0.00000000099999999947 0.00000000099999999947 0.00000000099999999947 0.00000000099999999947 
0.00000000099999999954 0.00000000099999999954 0.00000000099999999954 0.99999999300000008695 0.00000000099999999954 0.00000000099999999954 0.00000000099999999954 0.00000000099999999954 
0.00000000099999999931 0.00000000099999999931 0.00000000099999999931 0.99999999300000008695 0.00000000099999999931 0.00000000099999999931 0.00000000099999999931 0.00000000099999999931 
0.00000000099999999925 0.00000000099999999925 0.00000000099999999925 0.99999999300000008695 0.00000000099999999925 0.00000000099999999925 0.00000000099999999925 0.00000000099999999925 
0.00000000099999999958 0.00000000099999999958 0.00000000099999999958 0.99999999299999997593 0.00000000099999999958 0.00000000099999999958 0.00000000099999999958 0.00000000099999999958 
0.00000000099999999930 0.00000000099999999930 0.00000000099999999930 0.99999999299999997593 0.00000000099999999930 0.00000000099999999930 0.00000000099999999930 0.00000000099999999930 
0.00000000099999999946 0.00000000099999999946 0.00000000099999999946 0.99999999299999997593 0.00000000099999999946 0.00000000099999999946 0.00000000099999999946 0.00000000099999999946 
0.00000000099999999934 0.00000000099999999934 0.00000000099999999934 0.99999999299999997593 0.00000000099999999934 0.00000000099999999934 0.00000000099999999934 0.00000000099999999934 
0.00000000099999999938 0.00000000099999999938 0.00000000099999999938 0.99999999299999997593 0.00000000099999999938 0.00000000099999999938 0.00000000099999999938 0.00000000099999999938 
0.00000000099999999974 0.00000000099999999974 0.00000000099999999974 0.69328468806365661781 0.00000000099999999974 0.06020356999802162212 0.00000000099999999974 0.24651173693832165168 
0.00000000099999999939 0.00000000099999999939 0.00000000099999999939 0.99999999300000008695 0.00000000099999999939 0.00000000099999999939 0.00000000099999999939 0.00000000099999999939 
0.00000000099999999924 0.00000000099999999924 0.00000000099999999924 0.99999999299999997593 0.00000000099999999924 0.00000000099999999924 0.00000000099999999924 0.00000000099999999924 
0.00000000099999999953 0.00000000099999999953 0.00000000099999999953 0.00000000099999999953 0.00000000099999999953 0.99999999300000008695 0.00000000099999999953 0.00000000099999999953 
0.00000000099999999953 0.00000000099999999953 0.00000000099999999953 0.00000000099999999953 0.00000000099999999953 0.99999999300000008695 0.00000000099999999953 0.00000000099999999953 
0.00000000099999999959 0.00000000099999999959 0.00000000099999999959 0.00000000099999999959 0.00000000099999999959 0.99999999300000008695 0.00000000099999999959 0.00000000099999999959 
0.00000000099999999957 0.00000000099999999957 0.00000000099999999957 0.00000000099999999957 0.00000000099999999957 0.99999999300000008695 0.00000000099999999957 0.00000000099999999957 
0.00000000099999999963 0.00000000099999999963 0.00000000099999999963 0.00000000099999999963 0.00000000099999999963 0.99999999300000008695 0.00000000099999999963 0.00000000099999999963 
0.00000000099999999969 0.00000000099999999969 0.00000000099999999969 0.00000000099999999969 0.00000000099999999969 0.99999999300000008695 0.00000000099999999969 0.00000000099999999969 
0.00000000099999999977 0.00000000099999999977 0.00000000099999999977 0.00000000099999999977 0.00000000099999999977 0.99999999299999997593 0.00000000099999999977 0.00000000099999999977 
0.00000000099999999972 0.00000000099999999972 0.00000000099999999972 0.00000000099999999972 0.00000000099999999972 0.99999999299999997593 0.00000000099999999972 0.00000000099999999972 
0.00000000099999999955 0.00000000099999999955 0.00000000099999999955 0.00000000099999999955 0.00000000099999999955 0.99999999299999997593 0.00000000099999999955 0.00000000099999999955 
0.00000000099999999957 0.00000000099999999957 0.00000000099999999957 0.00000000099999999957 0.00000000099999999957 0.99999999299999997593 0.00000000099999999957 0.00000000099999999957 
0.00000000099999999983 0.00000000099999999983 0.00000000099999999983 0.15792496611734008205 0.00000000099999999983 0.71468494608150456848 0.00000000099999999983 0.12739008280115526883 
0.00000000099999999951 0.00000000099999999951 0.00000000099999999951 0.00000000099999999951 0.00000000099999999951 0.99999999300000008695 0.00000000099999999951 0.00000000099999999951 
0.00000000099999999954 0.00000000099999999954 0.00000000099999999954 0.00000000099999999954 0.00000000099999999954 0.99999999300000008695 0.00000000099999999954 0.00000000099999999954 
0.00000000099999999950 0.00000000099999999950 0.00000000099999999950 0.00000000099999999950 0.00000000099999999950 0.99999999299999997593 0.00000000099999999950 0.00000000099999999950 
0.00000000099999999952 0.00000000099999999952 0.00000000099999999952 0.00000000099999999952 0.00000000099999999952 0.99999999300000008695 0.00000000099999999952 0.00000000099999999952 
0.00000000099999999969 0.00000000099999999969 0.00000000099999999969 0.03861505840560642416 0.00000000099999999969 0.96138493559439353042 0.00000000099999999969 0.00000000099999999969 
0.00000000099999999961 0.00000000099999999961 0.00000000099999999961 0.00000000099999999961 0.00000000099999999961 0.99999999300000008695 0.00000000099999999961 0.00000000099999999961 
0.00000000099999999981 0.00000000099999999981 0.00000000099999999981 0.13674373102085454756 0.00000000099999999981 0.72650209984714508860 0.00000000099999999981 0.13675416413200050525 
0.00000000099999999989 0.00000000099999999989 0.00000000099999999989 0.12185929982702901897 0.00000000099999999989 0.75548339988466473027 0.00000000099999999989 0.12265729528830646156 
