0.00000000099999999975 0.00000000099999999975 0.00000000099999999975 0.00000000099999999975 0.85610222797151636076 0.00000000099999999975 0.07969643090922154394 0.00000000099999999975 0.00000000099999999975 0.06420133411926229328 
0.00000000099999999982 0.00000000099999999982 0.00000000099999999982 0.00000000099999999982 0.90521273357125386916 0.00000000099999999982 0.05673223017300552812 0.00000000099999999982 0.00000000099999999982 0.03805502925574059947 
0.00017977244179588023 0.00000000099999999977 0.00000000099999999977 0.00000000099999999977 0.84543366062765790137 0.00000000099999999977 0.08386724026088349104 0.00000000099999999977 0.00000000099999999977 0.07051932066966266899 
0.00641324718225051282 0.00079544899277264678 0.00000000099999999993 0.00049453164592879644 0.67866239470736389183 0.00000000099999999993 0.25934049418152793631 0.00000000099999999993 0.00000000099999999993 0.05429387929015648540 
0.00000000099999999964 0.00000000099999999964 0.00000000099999999964 0.00000000099999999964 0.25935151504351294793 0.00000000099999999964 0.74064847695648705628 0.00000000099999999964 0.00000000099999999964 0.00000000099999999964 
0.00000000099999999971 0.00000000099999999971 0.00000000099999999971 0.00000000099999999971 0.25109316839663436971 0.00000000099999999971 0.74887347466129816631 0.00000000099999999971 0.00000000099999999971 0.00003334994206750390 
0.00000000099999999942 0.00000000099999999942 0.00000000099999999942 0.00000000099999999942 0.00000000099999999942 0.00000000099999999942 0.99999999099999992147 0.00000000099999999942 0.00000000099999999942 0.00000000099999999942 
0.00000000099999999933 0.00000000099999999933 0.00000000099999999933 0.00000000099999999933 0.00000000099999999933 0.00000000099999999933 0.99999999099999992147 0.00000000099999999933 0.00000000099999999933 0.00000000099999999933 
0.00000000099999999966 0.00000000099999999966 0.00000000099999999966 0.00000000099999999966 0.22641544761352835891 0.00000000099999999966 0.74537789603965776131 0.00000000099999999966 0.00000000099999999966 0.02820664934681393204 
0.00000000099999999990 0.00000000099999999990 0.00000000099999999990 0.00687944419556257153 0.71084092331147541444 0.00000000099999999990 0.26282027693297305149 0.00000000099999999990 0.00000000099999999990 0.01945934955998889285 
0.00000000099999999946 0.00000000099999999946 0.00000000099999999946 0.00000000099999999946 0.00000000099999999946 0.00000000099999999946 0.99999999100000003249 0.00000000099999999946 0.00000000099999999946 0.00000000099999999946 
0.00000000099999999976 0.00000000099999999976 0.00000000099999999976 0.00000000099999999976 0.85913618830159965700 0.00000000099999999976 0.09040740055440767142 0.00000000099999999976 0.00000000099999999976 0.05045640414399261975 
0.00000000099999999946 0.00000000099999999946 0.00000000099999999946 0.00000000099999999946 0.00000000099999999946 0.00000000099999999946 0.99999999099999992147 0.00000000099999999946 0.00000000099999999946 0.00000000099999999946 
0.00000000099999999939 0.00000000099999999939 0.00000000099999999939 0.00000000099999999939 0.00000000099999999939 0.00000000099999999939 0.99999999100000003249 0.00000000099999999939 0.00000000099999999939 0.00000000099999999939 
0.00000000099999999942 0.00000000099999999942 0.00000000099999999942 0.00000000099999999942 0.00000000099999999942 0.00000000099999999942 0.99999999099999992147 0.00000000099999999942 0.00000000099999999942 0.00000000099999999942 
0.00000000099999999940 0.00000000099999999940 0.00000000099999999940 0.00000000099999999940 0.00000000099999999940 0.00000000099999999940 0.99999999099999992147 0.00000000099999999940 0.00000000099999999940 0.00000000099999999940 
0.00000000099999999943 0.00000000099999999943 0.00000000099999999943 0.00000000099999999943 0.00000000099999999943 0.00000000099999999943 0.99999999099999992147 0.00000000099999999943 0.00000000099999999943 0.00000000099999999943 
0.00000000099999999941 0.00000000099999999941 0.00000000099999999941 0.00000000099999999941 0.00000000099999999941 0.00000000099999999941 0.99999999100000003249 0.00000000099999999941 0.00000000099999999941 0.00000000099999999941 
0.00000000099999999976 0.00000000099999999976 0.00000000099999999976 0.00000000099999999976 0.86012547241614478732 0.00000000099999999976 0.13438721188192245815 0.00000000099999999976 0.00000000099999999976 0.00548730870193280332 
0.00000000099999999951 0.00000000099999999951 0.00000000099999999951 0.00000000099999999951 0.00000000099999999951 0.00000000099999999951 0.99999999100000003249 0.00000000099999999951 0.00000000099999999951 0.00000000099999999951 
0.00000000099999999916 0.00000000099999999916 0.99999999100000003249 0.00000000099999999916 0.00000000099999999916 0.00000000099999999916 0.00000000099999999916 0.00000000099999999916 0.00000000099999999916 0.00000000099999999916 
0.00000000099999999925 0.00000000099999999925 0.99999999100000014352 0.00000000099999999925 0.00000000099999999925 0.00000000099999999925 0.00000000099999999925 0.00000000099999999925 0.00000000099999999925 0.00000000099999999925 
0.00000000099999999918 0.00000000099999999918 0.99999999100000003249 0.00000000099999999918 0.00000000099999999918 0.00000000099999999918 0.00000000099999999918 0.00000000099999999918 0.00000000099999999918 0.00000000099999999918 
0.99999999100000025454 0.00000000099999999910 0.00000000099999999910 0.00000000099999999910 0.00000000099999999910 0.00000000099999999910 0.00000000099999999910 0.00000000099999999910 0.00000000099999999910 0.00000000099999999910 
0.99999999100000003249 0.00000000099999999895 0.00000000099999999895 0.00000000099999999895 0.00000000099999999895 0.00000000099999999895 0.00000000099999999895 0.00000000099999999895 0.00000000099999999895 0.00000000099999999895 
0.99999999100000025454 0.00000000099999999910 0.00000000099999999910 0.00000000099999999910 0.00000000099999999910 0.00000000099999999910 0.00000000099999999910 0.00000000099999999910 0.00000000099999999910 0.00000000099999999910 
0.00000000099999999915 0.00000000099999999915 0.99999999100000014352 0.00000000099999999915 0.00000000099999999915 0.00000000099999999915 0.00000000099999999915 0.00000000099999999915 0.00000000099999999915 0.00000000099999999915 
0.00000000099999999922 0.00000000099999999922 0.99999999100000014352 0.00000000099999999922 0.00000000099999999922 0.00000000099999999922 0.00000000099999999922 0.00000000099999999922 0.00000000099999999922 0.00000000099999999922 
0.00000000099999999919 0.00000000099999999919 0.99999999100000003249 0.00000000099999999919 0.00000000099999999919 0.00000000099999999919 0.00000000099999999919 0.00000000099999999919 0.00000000099999999919 0.00000000099999999919 
0.00000000099999999921 0.00000000099999999921 0.99999999100000003249 0.00000000099999999921 0.00000000099999999921 0.00000000099999999921 0.00000000099999999921 0.00000000099999999921 0.00000000099999999921 0.00000000099999999921 
0.00000000099999999921 0.00000000099999999921 0.99999999100000003249 0.00000000099999999921 0.00000000099999999921 0.00000000099999999921 0.00000000099999999921 0.00000000099999999921 0.00000000099999999921 0.00000000099999999921 
0.00000000099999999921 0.00000000099999999921 0.99999999100000014352 0.00000000099999999921 0.00000000099999999921 0.00000000099999999921 0.00000000099999999921 0.00000000099999999921 0.00000000099999999921 0.00000000099999999921 
0.99999999100000014352 0.00000000099999999910 0.00000000099999999910 0.00000000099999999910 0.00000000099999999910 0.00000000099999999910 0.00000000099999999910 0.00000000099999999910 0.00000000099999999910 0.00000000099999999910 
0.99999999100000014352 0.00000000099999999890 0.00000000099999999890 0.00000000099999999890 0.00000000099999999890 0.00000000099999999890 0.00000000099999999890 0.00000000099999999890 0.00000000099999999890 0.00000000099999999890 
0.99999999100000014352 0.00000000099999999905 0.00000000099999999905 0.00000000099999999905 0.00000000099999999905 0.00000000099999999905 0.00000000099999999905 0.00000000099999999905 0.00000000099999999905 0.00000000099999999905 
0.99999999100000014352 0.00000000099999999907 0.00000000099999999907 0.00000000099999999907 0.00000000099999999907 0.00000000099999999907 0.00000000099999999907 0.00000000099999999907 0.00000000099999999907 0.00000000099999999907 
0.99999999100000025454 0.00000000099999999902 0.00000000099999999902 0.00000000099999999902 0.00000000099999999902 0.00000000099999999902 0.00000000099999999902 0.00000000099999999902 0.00000000099999999902 0.00000000099999999902 
0.99999999100000025454 0.00000000099999999902 0.00000000099999999902 0.00000000099999999902 0.00000000099999999902 0.00000000099999999902 0.00000000099999999902 0.00000000099999999902 0.00000000099999999902 0.00000000099999999902 
0.00000000099999999916 0.00000000099999999916 0.99999999100000003249 0.00000000099999999916 0.00000000099999999916 0.00000000099999999916 0.00000000099999999916 0.00000000099999999916 0.00000000099999999916 0.00000000099999999916 
0.34724152365833821365 0.00000000099999999968 0.65275846834166184607 0.00000000099999999968 0.00000000099999999968 0.00000000099999999968 0.00000000099999999968 0.00000000099999999968 0.00000000099999999968 0.00000000099999999968 
0.00000000099999999916 0.00000000099999999916 0.99999999100000003249 0.00000000099999999916 0.00000000099999999916 0.00000000099999999916 0.00000000099999999916 0.00000000099999999916 0.00000000099999999916 0.00000000099999999916 
0.34681830439980432246 0.00000000099999999970 0.65318168760019568175 0.00000000099999999970 0.00000000099999999970 0.00000000099999999970 0.00000000099999999970 0.00000000099999999970 0.00000000099999999970 0.00000000099999999970 
0.00000000099999999913 0.00000000099999999913 0.99999999100000003249 0.00000000099999999913 0.00000000099999999913 0.00000000099999999913 0.00000000099999999913 0.00000000099999999913 0.00000000099999999913 0.00000000099999999913 
0.00000000099999999944 0.00000000099999999944 0.99999999100000014352 0.00000000099999999944 0.00000000099999999944 0.00000000099999999944 0.00000000099999999944 0.00000000099999999944 0.00000000099999999944 0.00000000099999999944 
0.00000000099999999905 0.00000000099999999905 0.99999999100000014352 0.00000000099999999905 0.00000000099999999905 0.00000000099999999905 0.00000000099999999905 0.00000000099999999905 0.00000000099999999905 0.00000000099999999905 
0.37739949184247872926 0.00000000099999999973 0.62260050015752121944 0.00000000099999999973 0.00000000099999999973 0.00000000099999999973 0.00000000099999999973 0.00000000099999999973 0.00000000099999999973 0.00000000099999999973 
0.00000000099999999905 0.00000000099999999905 0.99999999100000003249 0.00000000099999999905 0.00000000099999999905 0.00000000099999999905 0.00000000099999999905 0.00000000099999999905 0.00000000099999999905 0.00000000099999999905 
0.00000000099999999920 0.00000000099999999920 0.99999999100000003249 0.00000000099999999920 0.00000000099999999920 0.00000000099999999920 0.00000000099999999920 0.00000000099999999920 0.00000000099999999920 0.00000000099999999920 
0.00000000099999999909 0.00000000099999999909 0.99999999100000014352 0.00000000099999999909 0.00000000099999999909 0.00000000099999999909 0.00000000099999999909 0.00000000099999999909 0.00000000099999999909 0.00000000099999999909 
0.00000000099999999913 0.00000000099999999913 0.99999999100000014352 0.00000000099999999913 0.00000000099999999913 0.00000000099999999913 0.00000000099999999913 0.00000000099999999913 0.00000000099999999913 0.00000000099999999913 
0.00000000099999999947 0.00000000099999999947 0.99999999100000003249 0.00000000099999999947 0.00000000099999999947 0.00000000099999999947 0.00000000099999999947 0.00000000099999999947 0.00000000099999999947 0.00000000099999999947 
0.00000000099999999928 0.00000000099999999928 0.99999999100000014352 0.00000000099999999928 0.00000000099999999928 0.00000000099999999928 0.00000000099999999928 0.00000000099999999928 0.00000000099999999928 0.00000000099999999928 
0.00000000099999999927 0.00000000099999999927 0.99999999100000014352 0.00000000099999999927 0.00000000099999999927 0.00000000099999999927 0.00000000099999999927 0.00000000099999999927 0.00000000099999999927 0.00000000099999999927 
0.34483376933559922728 0.00000000099999999960 0.65516622266440083244 0.00000000099999999960 0.00000000099999999960 0.00000000099999999960 0.00000000099999999960 0.00000000099999999960 0.00000000099999999960 0.00000000099999999960 
0.00000000099999999952 0.00000000099999999952 0.97353835172613090165 0.00000000099999999952 0.00000000099999999952 0.00000000099999999952 0.00000000099999999952 0.00000000099999999952 0.00000000099999999952 0.02646164027386930379 
0.00000000099999999926 0.00000000099999999926 0.99999999100000014352 0.00000000099999999926 0.00000000099999999926 0.00000000099999999926 0.00000000099999999926 0.00000000099999999926 0.00000000099999999926 0.00000000099999999926 
0.00000000099999999918 0.00000000099999999918 0.99999999100000014352 0.00000000099999999918 0.00000000099999999918 0.00000000099999999918 0.00000000099999999918 0.00000000099999999918 0.00000000099999999918 0.00000000099999999918 
0.00000000099999999921 0.00000000099999999921 0.99999999100000014352 0.00000000099999999921 0.00000000099999999921 0.00000000099999999921 0.00000000099999999921 0.00000000099999999921 0.00000000099999999921 0.00000000099999999921 
0.01789651946541222574 0.00000000099999999993 0.00000000099999999993 0.00000000099999999993 0.65333242648667755326 0.00000000099999999993 0.25561177863162470869 0.00000000099999999993 0.00000000099999999993 0.07315926941628567159 
0.02810764427506009036 0.00000000099999999992 0.00000000099999999992 0.00782317604462309801 0.60725961877680223466 0.00000000099999999992 0.29991856289498530774 0.00000000099999999992 0.00000000099999999992 0.05689099300852939328 
0.00000000099999999950 0.00000000099999999950 0.00000000099999999950 0.00000000099999999950 0.00000000099999999950 0.00000000099999999950 0.99999999099999992147 0.00000000099999999950 0.00000000099999999950 0.00000000099999999950 
0.03442680215983084935 0.00000000099999999991 0.00000000099999999991 0.01523290578226628791 0.63338256290317218600 0.00000000099999999991 0.29122415076460134165 0.00000000099999999991 0.00000000099999999991 0.02573357339012942446 
0.01781696143189435283 0.00000000099999999989 0.00000000099999999989 0.00819776299915728202 0.65545175525668630812 0.00000000099999999989 0.27362297903702242907 0.00000000099999999989 0.00000000099999999989 0.04491053627523976244 
0.04037591894300026490 0.00000000099999999995 0.00000000099999999995 0.02618227341612875195 0.63363868742377338350 0.00000000099999999995 0.27416239790076585292 0.00000000099999999995 0.00000000099999999995 0.02564071731633182569 
0.00000000099999999950 0.00000000099999999950 0.00000000099999999950 0.00000000099999999950 0.00000000099999999950 0.00000000099999999950 0.99999999099999992147 0.00000000099999999950 0.00000000099999999950 0.00000000099999999950 
0.00000000099999999949 0.00000000099999999949 0.00000000099999999949 0.00000000099999999949 0.00000000099999999949 0.00000000099999999949 0.99999999099999992147 0.00000000099999999949 0.00000000099999999949 0.00000000099999999949 
0.00000000099999999998 0.00000000099999999998 0.03955403920029788856 0.00000000099999999998 0.63804554330322882372 0.01962548823271131546 0.27292907951883599305 0.01050928142101500290 0.00000000099999999998 0.01933656432391102353 
0.00000000099999999991 0.00000000099999999991 0.00000000099999999991 0.00000000099999999991 0.70648415759111571344 0.00000000099999999991 0.27374951802207841967 0.01486385109689655933 0.00000000099999999991 0.00490246728990924308 
0.02515485207259456762 0.00000000099999999990 0.00000000099999999990 0.00000000099999999990 0.63666126858127136678 0.00000000099999999990 0.25981263346067190456 0.00000000099999999990 0.00000000099999999990 0.07837123988546236542 
0.03039464738912477093 0.00776669630070841999 0.00000000099999999995 0.00000000099999999995 0.57575803952999615731 0.00000000099999999995 0.31648856340692033129 0.00000000099999999995 0.00000018990023954624 0.06959185947301080311 
0.03114114065987651225 0.02107924346626093015 0.00000000099999999997 0.03537143390704152596 0.61019230878991992384 0.00008235348440398116 0.26003343915556409449 0.00000000099999999997 0.00000000099999999997 0.04210007753693299770 
0.00000000099999999955 0.00000000099999999955 0.00000000099999999955 0.00000000099999999955 0.00000000099999999955 0.00000000099999999955 0.99999999099999992147 0.00000000099999999955 0.00000000099999999955 0.00000000099999999955 
0.00000000099999999949 0.00000000099999999949 0.00000000099999999949 0.00000000099999999949 0.00000000099999999949 0.00000000099999999949 0.99999999100000003249 0.00000000099999999949 0.00000000099999999949 0.00000000099999999949 
0.00000000099999999948 0.00000000099999999948 0.00000000099999999948 0.00000000099999999948 0.00000000099999999948 0.00000000099999999948 0.99999999100000003249 0.00000000099999999948 0.00000000099999999948 0.00000000099999999948 
0.00000000099999999960 0.00000000099999999960 0.00000000099999999960 0.00000000099999999960 0.00000000099999999960 0.00000000099999999960 0.99999999100000003249 0.00000000099999999960 0.00000000099999999960 0.00000000099999999960 
0.00000000099999999951 0.00000000099999999951 0.00000000099999999951 0.00000000099999999951 0.00000000099999999951 0.00000000099999999951 0.99999999099999992147 0.00000000099999999951 0.00000000099999999951 0.00000000099999999951 
0.00000000099999999914 0.00000000099999999914 0.00000000099999999914 0.00000000099999999914 0.00000000099999999914 0.00000000099999999914 0.00000000099999999914 0.00000000099999999914 0.00000000099999999914 0.99999999099999992147 
0.00000000099999999914 0.00000000099999999914 0.00000000099999999914 0.00000000099999999914 0.00000000099999999914 0.00000000099999999914 0.00000000099999999914 0.00000000099999999914 0.00000000099999999914 0.99999999099999992147 
0.00000000099999999913 0.00000000099999999913 0.00000000099999999913 0.00000000099999999913 0.00000000099999999913 0.00000000099999999913 0.00000000099999999913 0.00000000099999999913 0.00000000099999999913 0.99999999099999992147 
0.00000000099999999912 0.00000000099999999912 0.00000000099999999912 0.00000000099999999912 0.00000000099999999912 0.00000000099999999912 0.00000000099999999912 0.00000000099999999912 0.00000000099999999912 0.99999999099999992147 
0.00000000099999999913 0.00000000099999999913 0.00000000099999999913 0.00000000099999999913 0.00000000099999999913 0.00000000099999999913 0.00000000099999999913 0.00000000099999999913 0.00000000099999999913 0.99999999100000003249 
0.00000000099999999911 0.00000000099999999911 0.00000000099999999911 0.00000000099999999911 0.00000000099999999911 0.00000000099999999911 0.00000000099999999911 0.00000000099999999911 0.00000000099999999911 0.99999999099999992147 
0.00000000099999999915 0.00000000099999999915 0.00000000099999999915 0.00000000099999999915 0.00000000099999999915 0.00000000099999999915 0.00000000099999999915 0.00000000099999999915 0.00000000099999999915 0.99999999099999992147 
0.00000000099999999905 0.00000000099999999905 0.00000000099999999905 0.00000000099999999905 0.00000000099999999905 0.00000000099999999905 0.00000000099999999905 0.00000000099999999905 0.00000000099999999905 0.99999999100000003249 
0.00000000099999999928 0.00000000099999999928 0.00000000099999999928 0.00000000099999999928 0.00000000099999999928 0.00000000099999999928 0.00000000099999999928 0.00000000099999999928 0.00000000099999999928 0.99999999100000003249 
0.00000000099999999908 0.00000000099999999908 0.00000000099999999908 0.00000000099999999908 0.00000000099999999908 0.00000000099999999908 0.00000000099999999908 0.00000000099999999908 0.00000000099999999908 0.99999999099999992147 
0.00000000099999999962 0.00000000099999999962 0.18619738360774676367 0.00000000099999999962 0.00000000099999999962 0.00000000099999999962 0.00000000099999999962 0.00000000099999999962 0.00000000099999999962 0.81380260839225326830 
0.00000000099999999938 0.00000000099999999938 0.00000000099999999938 0.00000000099999999938 0.00000000099999999938 0.00000000099999999938 0.00000000099999999938 0.00000000099999999938 0.00000000099999999938 0.99999999100000003249 
0.00000000099999999930 0.00000000099999999930 0.00000000099999999930 0.00000000099999999930 0.00000000099999999930 0.00000000099999999930 0.00000000099999999930 0.00000000099999999930 0.00000000099999999930 0.99999999099999992147 
0.00000000099999999922 0.00000000099999999922 0.00000000099999999922 0.00000000099999999922 0.00000000099999999922 0.00000000099999999922 0.00000000099999999922 0.00000000099999999922 0.00000000099999999922 0.99999999099999992147 
0.00000000099999999993 0.02312743134173878001 0.00000000099999999993 0.07346527796130047916 0.00963801269564161858 0.00763089750653194159 0.00000000099999999993 0.10433775692126909251 0.78180061957351809632 0.00000000099999999993 
0.00000000099999999960 0.02096549565079218816 0.00000000099999999960 0.00000000099999999960 0.00000000099999999960 0.00000000099999999960 0.00000000099999999960 0.00000000099999999960 0.97903449634920780564 0.00000000099999999960 
0.00000000099999999961 0.00000000099999999961 0.00000000099999999961 0.00000000099999999961 0.00000000099999999961 0.00000000099999999961 0.00000000099999999961 0.00000000099999999961 0.99999999099999992147 0.00000000099999999961 
0.00184951684243626273 0.00000055871456919234 0.00000000099999999993 0.06897199708696974407 0.00000000099999999993 0.05075400922312119784 0.00000000099999999993 0.09938546327154190729 0.77903845086136169762 0.00000000099999999993 
0.00000000099999999952 0.00000000099999999952 0.00000000099999999952 0.00000000099999999952 0.00000000099999999952 0.00000000099999999952 0.00000000099999999952 0.00000000099999999952 0.99999999100000003249 0.00000000099999999952 
0.00000000099999999967 0.00000000099999999967 0.00000000099999999967 0.00000000099999999967 0.00000000099999999967 0.00000000099999999967 0.00000000099999999967 0.00000000099999999967 0.99999999100000003249 0.00000000099999999967 
0.00000000099999999990 0.09695441577231080077 0.00000000099999999990 0.02082189294685898862 0.00000000099999999990 0.07299992096045390677 0.00000000099999999990 0.02642570903146810452 0.78279805628890808400 0.00000000099999999990 
0.00000000099999999991 0.07222219032378994485 0.00000000099999999991 0.03174008579936481861 0.00000000099999999991 0.08887757917437064115 0.00000000099999999991 0.10355531741283444114 0.70360482228964016382 0.00000000099999999991 
0.00000000099999999966 0.00000000099999999966 0.00000000099999999966 0.00000000099999999966 0.00000000099999999966 0.00000000099999999966 0.00000000099999999966 0.00000000099999999966 0.99999999099999992147 0.00000000099999999966 
0.00000000099999999982 0.01390776012573207571 0.00000000099999999982 0.04263687645709561547 0.00000000099999999982 0.06701180617433244446 0.00000000099999999982 0.02980978117253672843 0.84663377107030313162 0.00000000099999999982 
0.00000000099999999979 0.00000106367249547020 0.00000000099999999979 0.09178232397006591547 0.00000000099999999979 0.03245322291765224271 0.00000000099999999979 0.02390193929073832629 0.85186144514904815761 0.00000000099999999979 
0.00000000099999999955 0.00000000099999999955 0.00000000099999999955 0.00000000099999999955 0.00000000099999999955 0.00000000099999999955 0.00000000099999999955 0.00000000099999999955 0.99999999099999992147 0.00000000099999999955 
0.00000000099999999982 0.00895208974541833631 0.00000000099999999982 0.00000000099999999982 0.00000000099999999982 0.00000000099999999982 0.00000000099999999982 0.00000000099999999982 0.99104790225458161412 0.00000000099999999982 
0.00000000099999999965 0.00000000099999999965 0.00000000099999999965 0.00000000099999999965 0.00000000099999999965 0.00000000099999999965 0.00000000099999999965 0.00000000099999999965 0.99999999099999992147 0.00000000099999999965 
0.00000000099999999984 0.03614870274390941107 0.00000000099999999984 0.04299763799196739539 0.00000000099999999984 0.04944117110383950547 0.00000000099999999984 0.11445070737809803774 0.75696177578218559745 0.00000000099999999984 
0.00000000099999999958 0.00000000099999999958 0.00000000099999999958 0.00000000099999999958 0.00000000099999999958 0.00000000099999999958 0.00000000099999999958 0.00000000099999999958 0.99999999099999992147 0.00000000099999999958 
0.00000000099999999965 0.00000000099999999965 0.00000000099999999965 0.00000000099999999965 0.00000000099999999965 0.00000000099999999965 0.00000000099999999965 0.00000000099999999965 0.99999999100000003249 0.00000000099999999965 
0.00000000099999999959 0.00000000099999999959 0.00000000099999999959 0.00000000099999999959 0.00000000099999999959 0.00000000099999999959 0.00000000099999999959 0.00000000099999999959 0.99999999100000003249 0.00000000099999999959 
0.00000000099999999959 0.00000000099999999959 0.00000000099999999959 0.00000000099999999959 0.00000000099999999959 0.00000000099999999959 0.00000000099999999959 0.00000000099999999959 0.99999999100000003249 0.00000000099999999959 
0.00000000099999999965 0.00000000099999999965 0.00000000099999999965 0.00000000099999999965 0.00000000099999999965 0.00000000099999999965 0.00000000099999999965 0.00000000099999999965 0.99999999099999992147 0.00000000099999999965 
0.00000000099999999913 0.00000000099999999913 0.00000000099999999913 0.99999999100000014352 0.00000000099999999913 0.00000000099999999913 0.00000000099999999913 0.00000000099999999913 0.00000000099999999913 0.00000000099999999913 
0.00000000099999999918 0.00000000099999999918 0.00000000099999999918 0.99999999100000014352 0.00000000099999999918 0.00000000099999999918 0.00000000099999999918 0.00000000099999999918 0.00000000099999999918 0.00000000099999999918 
0.00000000099999999988 0.00000000099999999988 0.00000000099999999988 0.71716083155041565611 0.00000000099999999988 0.00584714526734346658 0.00000000099999999988 0.00000000099999999988 0.24527111687979546994 0.03172090030244537756 
0.00000000099999999937 0.00000000099999999937 0.00000000099999999937 0.99999999100000003249 0.00000000099999999937 0.00000000099999999937 0.00000000099999999937 0.00000000099999999937 0.00000000099999999937 0.00000000099999999937 
0.00000000099999999912 0.00000000099999999912 0.00000000099999999912 0.99999999100000003249 0.00000000099999999912 0.00000000099999999912 0.00000000099999999912 0.00000000099999999912 0.00000000099999999912 0.00000000099999999912 
0.00000000099999999920 0.00000000099999999920 0.00000000099999999920 0.99999999100000014352 0.00000000099999999920 0.00000000099999999920 0.00000000099999999920 0.00000000099999999920 0.00000000099999999920 0.00000000099999999920 
0.00000000099999999924 0.00000000099999999924 0.00000000099999999924 0.99999999100000014352 0.00000000099999999924 0.00000000099999999924 0.00000000099999999924 0.00000000099999999924 0.00000000099999999924 0.00000000099999999924 
0.00000000099999999915 0.00000000099999999915 0.00000000099999999915 0.99999999100000003249 0.00000000099999999915 0.00000000099999999915 0.00000000099999999915 0.00000000099999999915 0.00000000099999999915 0.00000000099999999915 
0.00000000099999999919 0.00000000099999999919 0.00000000099999999919 0.99999999100000014352 0.00000000099999999919 0.00000000099999999919 0.00000000099999999919 0.00000000099999999919 0.00000000099999999919 0.00000000099999999919 
0.00000000099999999994 0.02061798196514848941 0.00000000099999999994 0.70494569323405209538 0.00000000099999999994 0.00195196662264621916 0.00000000099999999994 0.02706604579706524058 0.20356784785270812255 0.04185046052837985281 
0.00000000099999999920 0.00000000099999999920 0.00000000099999999920 0.99999999100000003249 0.00000000099999999920 0.00000000099999999920 0.00000000099999999920 0.00000000099999999920 0.00000000099999999920 0.00000000099999999920 
0.00000000099999999924 0.00000000099999999924 0.00000000099999999924 0.99999999100000003249 0.00000000099999999924 0.00000000099999999924 0.00000000099999999924 0.00000000099999999924 0.00000000099999999924 0.00000000099999999924 
0.00000000099999999933 0.00000000099999999933 0.00000000099999999933 0.99999999100000003249 0.00000000099999999933 0.00000000099999999933 0.00000000099999999933 0.00000000099999999933 0.00000000099999999933 0.00000000099999999933 
0.00000000099999999935 0.00000000099999999935 0.00000000099999999935 0.99999999100000014352 0.00000000099999999935 0.00000000099999999935 0.00000000099999999935 0.00000000099999999935 0.00000000099999999935 0.00000000099999999935 
0.00000000099999999935 0.00000000099999999935 0.00000000099999999935 0.99999999100000014352 0.00000000099999999935 0.00000000099999999935 0.00000000099999999935 0.00000000099999999935 0.00000000099999999935 0.00000000099999999935 
0.00000000099999999920 0.00000000099999999920 0.00000000099999999920 0.99999999100000014352 0.00000000099999999920 0.00000000099999999920 0.00000000099999999920 0.00000000099999999920 0.00000000099999999920 0.00000000099999999920 
0.00000000099999999925 0.00000000099999999925 0.00000000099999999925 0.99999999100000014352 0.00000000099999999925 0.00000000099999999925 0.00000000099999999925 0.00000000099999999925 0.00000000099999999925 0.00000000099999999925 
0.00000000099999999942 0.00000000099999999942 0.00000000099999999942 0.99999999100000014352 0.00000000099999999942 0.00000000099999999942 0.00000000099999999942 0.00000000099999999942 0.00000000099999999942 0.00000000099999999942 
0.00000000099999999943 0.00000000099999999943 0.00000000099999999943 0.99999999100000014352 0.00000000099999999943 0.00000000099999999943 0.00000000099999999943 0.00000000099999999943 0.00000000099999999943 0.00000000099999999943 
0.04788498321185608031 0.07978611251560961681 0.00000000099999999998 0.25300897168249270042 0.03511864531504604175 0.00811271430117765924 0.00000000099999999998 0.12056685267419726959 0.40514071471914686606 0.05038100358047382238 
0.00748741264825964186 0.07927853367981652077 0.00000000099999999998 0.25665888683601173481 0.10982856409647497042 0.00034650030198255617 0.00000000099999999998 0.05197284504143398487 0.45049643368846903346 0.04393082170755145677 
0.00000000099999999997 0.05897595899019807825 0.00000000099999999997 0.23473789342517786816 0.07159616404787272348 0.00000203546603255998 0.01520703179732887066 0.08942639245708139395 0.47256184034255349635 0.05749268147375498350 
0.00000001817063739281 0.09193695611712238147 0.00000000099999999998 0.23002024365662168681 0.11531561817788885116 0.00000007851810530972 0.00000000099999999998 0.00609309739459527357 0.51051168051096529332 0.04612230545406385829 
0.00003397506386715513 0.09074510692594192629 0.00000000099999999999 0.26319335384998593375 0.08047403195276157939 0.03158958730624604472 0.00000000099999999999 0.07988579241318856383 0.42888264019516564307 0.02519551029284309435 
0.00000000099999999996 0.05948418695175884674 0.00000000099999999996 0.28574175384536976141 0.06367855371045103019 0.00000000099999999996 0.00000000099999999996 0.07024183257562836846 0.44410042790622122899 0.07675324101057094672 
0.00000000099999999998 0.04023224574983706031 0.00000000099999999998 0.23664298895585433868 0.07701560899274097205 0.01109909855953468763 0.00638855193991796216 0.08833405855268333662 0.45962573908646220389 0.08066170616296933216 
0.00000046353390696953 0.08018757609337290315 0.01569035751077267615 0.22769510117832675311 0.04478890934443428840 0.00102915993763374449 0.02285974206588125418 0.09054324171520339304 0.44735425887332147532 0.06985118974714654705 
0.01535413978462349394 0.05399264981528286572 0.00000000099999999999 0.21445533440707598150 0.04741280213231983259 0.02124688352359192095 0.00023575215267439338 0.00069249587910919907 0.59905376506979579609 0.04755617623552642337 
0.00000000099999999989 0.00000000099999999989 0.00000000099999999989 0.11004801943555410360 0.00000000099999999989 0.00000000099999999989 0.00000000099999999989 0.00000000099999999989 0.80328794128853919787 0.08666403227590682712 
0.00000958235513893778 0.03124331695912747897 0.02165108642276038567 0.21521946939634195584 0.08684481037079239130 0.00000760486683926392 0.00000000099999999999 0.02039701556730236578 0.60822673184432130000 0.01640038121737588672 
0.00000000099999999997 0.06399760967066350781 0.00000000099999999997 0.26862498126921874331 0.08008128271095248107 0.00000000099999999997 0.00000000099999999997 0.04425793171357206984 0.50292142182433774433 0.04011676881125540023 
0.00000000099999999990 0.00000000099999999990 0.00000000099999999990 0.12833664887326068360 0.00000000099999999990 0.00000000099999999990 0.00010976428546804428 0.00000000099999999990 0.77706832260848524019 0.09448525823278612623 
0.02282322553366733509 0.07225325327911978623 0.01086571020837003194 0.17502793166929858648 0.04040597453732952538 0.05029983700606145691 0.00198623510977208708 0.00000000100000000000 0.58186358045957242702 0.04447425119680869371 
0.00000000099999999988 0.00000000099999999988 0.00000000099999999988 0.14157130894422517708 0.00000000099999999988 0.00000000099999999988 0.00000000099999999988 0.00000000099999999988 0.76729356904002143924 0.09113511501575344287 
0.00000000099999999995 0.00000000099999999995 0.00000000099999999995 0.09171524421562934903 0.00000000099999999995 0.00000000099999999995 0.00000000099999999995 0.00000000099999999995 0.78235190684146838080 0.12593284194290244038 
0.00000000099999999992 0.00000000099999999992 0.00000000099999999992 0.11854769371885523488 0.00000000099999999992 0.00000000099999999992 0.00000000099999999992 0.00000000099999999992 0.79233005428399305714 0.08912224499715167003 
0.00000000099999999985 0.00000000099999999985 0.00000000099999999985 0.00000000099999999985 0.89813481823498908518 0.00000000099999999985 0.07890926355269899106 0.00000000099999999985 0.00000000099999999985 0.02295591121231197601 
0.00000000099999999974 0.00000000099999999974 0.00000000099999999974 0.00000000099999999974 0.98825916778405187291 0.00000000099999999974 0.01174082421594827182 0.00000000099999999974 0.00000000099999999974 0.00000000099999999974 
0.00000000099999999977 0.00000000099999999977 0.00000000099999999977 0.00000000099999999977 0.88331253054890046528 0.00000000099999999977 0.11668746145109956669 0.00000000099999999977 0.00000000099999999977 0.00000000099999999977 
0.00000000099999999981 0.00000000099999999981 0.00000000099999999981 0.00000000099999999981 0.80683854152217593381 0.00000000099999999981 0.17985781009356552329 0.00000000099999999981 0.00000000099999999981 0.01330364138425883282 
0.00000000099999999977 0.00000000099999999977 0.00000000099999999977 0.00000000099999999977 0.99575146025890504120 0.00000000099999999977 0.00424853174109503413 0.00000000099999999977 0.00000000099999999977 0.00000000099999999977 
0.00888054589233466286 0.00000000099999999984 0.00000000099999999984 0.00000000099999999984 0.85318894774071329934 0.00000000099999999984 0.12269170867306902761 0.00000000099999999984 0.00000000099999999984 0.01523879169388312090 
0.00000000099999999977 0.00000000099999999977 0.00000000099999999977 0.00000000099999999977 0.88129976776986174158 0.00000000099999999977 0.11870022423013824875 0.00000000099999999977 0.00000000099999999977 0.00000000099999999977 
0.00000000099999999985 0.00000000099999999985 0.00000000099999999985 0.00000000099999999985 0.91942978052358426133 0.00000000099999999985 0.05406609750248150131 0.00000000099999999985 0.00000000099999999985 0.02650411497393426880 
0.00000000099999999967 0.00000000099999999967 0.00000000099999999967 0.00000000099999999967 0.95588667289583206799 0.00000000099999999967 0.04411331910416806806 0.00000000099999999967 0.00000000099999999967 0.00000000099999999967 
0.00000000099999999980 0.00000000099999999980 0.00000000099999999980 0.00000000099999999980 0.92894817848542543537 0.00000000099999999980 0.07105181351457466599 0.00000000099999999980 0.00000000099999999980 0.00000000099999999980 
0.00000000099999999981 0.00000000099999999981 0.00000000099999999981 0.00000000099999999981 0.78140792002548165041 0.00000000099999999981 0.16188029261044956097 0.00000000099999999981 0.00000000099999999981 0.05671178036406897965 
0.00000000099999999991 0.00000000099999999991 0.00000000099999999991 0.00000000099999999991 0.82678049545111276242 0.00000000099999999991 0.17321949654888729730 0.00000000099999999991 0.00000000099999999991 0.00000000099999999991 
0.00000000099999999986 0.00000000099999999986 0.00000000099999999986 0.00000000099999999986 0.83719082296568247958 0.00000000099999999986 0.14552042738661499777 0.00000000099999999986 0.00000000099999999986 0.01728874264770250205 
0.00000000099999999970 0.00000000099999999970 0.00000000099999999970 0.00000000099999999970 0.82001638947687871539 0.00000000099999999970 0.15526957717282330318 0.00000000099999999970 0.00000000099999999970 0.02471402635029799552 
0.00000000099999999975 0.00000000099999999975 0.00000000099999999975 0.00000000099999999975 0.91089297561098758749 0.00000000099999999975 0.08519628937655374101 0.00000000099999999975 0.00000000099999999975 0.00391072801245877146 
0.00000000099999999988 0.00576522492787946012 0.00000000099999999988 0.00000000099999999988 0.88105879972985101656 0.00000000099999999988 0.09839058217959960329 0.00000000099999999988 0.00000000099999999988 0.01478538716267010014 
0.00000000099999999965 0.00000000099999999965 0.00000000099999999965 0.00000000099999999965 0.99999999100000003249 0.00000000099999999965 0.00000000099999999965 0.00000000099999999965 0.00000000099999999965 0.00000000099999999965 
0.00000000099999999980 0.00000000099999999980 0.00000000099999999980 0.00000000099999999980 0.69254051642333747107 0.00000000099999999980 0.26226319668804159990 0.00000000099999999980 0.00000000099999999980 0.04519627988862093271 
0.00005572147691069203 0.00000000099999999989 0.00000000099999999989 0.00000000099999999989 0.72559311082551136707 0.00000000099999999989 0.20544230109448347044 0.00000000099999999989 0.00000000099999999989 0.06890886060309464600 
0.00000000099999999989 0.00000000099999999989 0.00000000099999999989 0.00000000099999999989 0.65066081978540613040 0.00000000099999999989 0.32351604069526090912 0.00000000099999999989 0.00000000099999999989 0.02582313251933303008 
0.00000000099999999983 0.00000000099999999983 0.00000000099999999983 0.00000000099999999983 0.67675618249270608207 0.00000000099999999983 0.27829435859696816102 0.00000000099999999983 0.00000000099999999983 0.04494945191032571896 
0.00000000099999999985 0.00000000099999999985 0.00000000099999999985 0.00000000099999999985 0.71539601000117292173 0.00000000099999999985 0.25893168108923098059 0.00000000099999999985 0.00000000099999999985 0.02567230190959613953 
0.00000000099999999982 0.00000000099999999982 0.00000000099999999982 0.00000000099999999982 0.71965823420818997302 0.00000000099999999982 0.26381548370689222871 0.00000000099999999982 0.00000000099999999982 0.01652627508491795807 
0.01451235288964539648 0.00000000099999999989 0.00000000099999999989 0.00000000099999999989 0.66861238827919400318 0.00000000099999999989 0.23735451855150216383 0.00000000099999999989 0.00000000099999999989 0.07952073427965852814 
0.00000000099999999978 0.00000000099999999978 0.00000000099999999978 0.00000000099999999978 0.72126173585101061025 0.00000000099999999978 0.24075256470322284330 0.00000000099999999978 0.00000000099999999978 0.03798569244576659870 
0.00000176071099547483 0.00000000099999999996 0.00361916962405294928 0.00000000099999999996 0.55810955021868080550 0.00000000099999999996 0.38199523734997098412 0.00000000099999999996 0.00756011314233436416 0.04871416495396556356 
0.00000000099999999989 0.00000000099999999989 0.00000000099999999989 0.00000000099999999989 0.68648041550361926788 0.00000000099999999989 0.28063227444696209334 0.00000000099999999989 0.00000000099999999989 0.03288730304941866328 
